Date;Calories;Carbs;Fat;Protein;Cholest;Sodium;Sugars;Fiber;Exercise;FB Cals;FB BMR?
19-Aug-14;2663;262;113;112;212;2001;22;43;242;2301;2059
20-Aug-14;2515;83;48;76;460;1126;0;0;202;2654;2452
21-Aug-14;2089;71;27;20;25;1006;8;5;322;2833;2511
22-Aug-14;2975;57;67;66;100;646;0;3;127;1972;1845
23-Aug-14;3824;233;151;93;33;1621;52;63;943;3370;2427
24-Aug-14;2312;131;18;24;13;669;20;7;688;3127;2439
25-Aug-14;2394;138;39;45;442;1646;4;9;411;2857;2446
26-Aug-14;2752;138;40;51;229;756;39;23;668;3118;2450
27-Aug-14;1843;35;17;13;32;884;4;2;350;2792;2442
28-Aug-14;2176;99;27;43;50;1607;1;6;703;3137;2434
29-Aug-14;2607;205;36;67;198;2715;35;6;321;2157;1836
30-Aug-14;2623;160;30;35;359;1473;6;14;853;3284;2431
31-Aug-14;1614;52;11;32;76;703;15;5;407;2839;2432
1-Sep-14;2334;69;61;73;102;892;21;22;437;2869;2432
2-Sep-14;2367;77;48;90;171;1611;18;6;405;2828;2423
3-Sep-14;2303;120;39;65;44;1589;30;13;682;3095;2413
4-Sep-14;2177;75;21;63;82;1586;3;7;595;3004;2409
5-Sep-14;2822;159;54;80;528;1983;4;4;565;2973;2408
6-Sep-14;2348;143;23;32;13;1045;8;8;455;2863;2408
7-Sep-14;1756;25;4;35;125;805;2;0;0;2296;2296
8-Sep-14;1866;156;11;32;41;1011;25;8;902;3309;2407
9-Sep-14;2421;162;38;48;23;3633;27;16;640;3052;2412
10-Sep-14;2564;88;25;65;40;1569;9;4;395;2810;2415
11-Sep-14;2213;95;28;57;340;1149;19;8;454;2861;2407
12-Sep-14;2565;169;38;78;178;2195;28;3;469;2875;2406
13-Sep-14;2498;70;55;100;237;770;22;5;206;2612;2406
14-Sep-14;2888;184;45;88;322;2767;32;14;581;2982;2401
15-Sep-14;2119;115;30;39;424;797;4;3;804;3201;2397
16-Sep-14;2348;174;18;46;48;1015;27;16;447;2838;2391
17-Sep-14;3103;127;98;113;20;2073;14;28;502;2897;2395
18-Sep-14;2391;284;14;50;144;1697;19;10;339;2735;2396
19-Sep-14;2456;150;18;33;44;2132;1;4;405;2801;2396
20-Sep-14;2682;216;47;58;0;1735;11;6;869;3267;2398
21-Sep-14;2144;220;32;62;108;3059;12;2;560;2700;2140
22-Sep-14;2212;165;26;46;148;1644;37;6;852;2988;2136
23-Sep-14;2035;44;8;50;188;1641;11;2;713;2848;2135
24-Sep-14;2312;142;46;79;23;2723;5;13;122;2257;2135
25-Sep-14;2178;93;36;42;56;2540;18;4;661;2796;2135
26-Sep-14;2483;222;31;94;39;1811;27;20;682;2814;2132
27-Sep-14;3022;236;85;117;236;1451;41;22;718;2849;2131
28-Sep-14;2642;205;25;84;54;2343;11;7;891;3022;2131
29-Sep-14;2316;292;26;73;192;2979;28;9;838;2969;2131
30-Sep-14;2511;249;18;54;39;1220;14;10;855;2983;2128
1-Oct-14;2573;249;17;53;197;2821;24;9;1011;3137;2126
2-Oct-14;2839;224;44;40;68;1407;33;9;884;3011;2127
3-Oct-14;3004;230;41;46;111;2013;16;16;644;2769;2125
4-Oct-14;2572;213;23;58;88;1477;14;4;597;2723;2126
5-Oct-14;2940;319;22;99;31;1919;29;25;864;2988;2124
6-Oct-14;2111;290;19;67;80;2850;11;18;712;2836;2124
7-Oct-14;2755;345;19;56;245;1812;19;29;756;2880;2124
8-Oct-14;2296;266;15;56;40;1961;12;12;938;3058;2120
9-Oct-14;2364;182;12;48;39;1459;8;2;814;2933;2119
10-Oct-14;2535;250;43;56;258;2087;12;12;803;2921;2118
11-Oct-14;2035;117;26;43;36;1528;13;4;756;2874;2118
12-Oct-14;2361;243;17;52;8;2262;5;12;905;3019;2114
13-Oct-14;2217;237;8;41;112;2241;18;8;1136;3248;2112
14-Oct-14;2425;187;31;65;160;2607;20;9;905;3017;2112
15-Oct-14;2931;198;57;110;228;1527;36;11;859;2968;2109
16-Oct-14;2304;223;22;81;161;3055;16;13;860;2968;2108
17-Oct-14;2474;284;22;52;88;3350;11;6;856;2965;2109
18-Oct-14;2553;257;25;41;64;2480;21;9;1266;3373;2107
19-Oct-14;2315;235;15;35;6;1205;28;12;799;2906;2107
20-Oct-14;2663;185;32;52;16;2007;21;8;710;2817;2107
21-Oct-14;2427;249;34;73;16;2918;12;13;792;2899;2107
22-Oct-14;2174;180;28;79;135;2695;13;4;834;2940;2106
23-Oct-14;1999;252;33;55;21;1815;20;13;400;2507;2107
24-Oct-14;2642;218;42;92;607;1464;15;13;839;2946;2107
25-Oct-14;2685;270;24;24;70;1750;40;19;974;3081;2107
26-Oct-14;2474;263;34;0;16;957;20;4;655;2759;2104
27-Oct-14;2337;206;35;68;161;2671;11;7;831;2935;2104
28-Oct-14;2323;220;39;60;166;1302;42;11;594;2698;2104
29-Oct-14;2352;220;35;78;39;2269;18;8;731;2835;2104
30-Oct-14;2108;211;34;60;126;1922;32;13;705;2809;2104
31-Oct-14;2704;250;33;80;16;4919;10;7;855;2959;2104
1-Nov-14;2551;123;28;44;112;2312;23;13;884;2988;2104
2-Nov-14;2077;203;30;68;112;899;41;9;590;2694;2104
3-Nov-14;2161;257;58;59;74;1457;50;15;714;2809;2095
4-Nov-14;2178;199;37;75;138;2137;5;5;776;2868;2092
5-Nov-14;2227;207;16;57;117;2226;12;7;901;2992;2091
6-Nov-14;2459;169;34;30;27;886;14;5;826;2923;2097
7-Nov-14;2430;160;23;72;180;1811;14;9;444;2541;2097
8-Nov-14;2415;296;27;62;124;2508;18;9;529;2627;2098
9-Nov-14;2692;243;33;103;43;1808;25;17;869;2957;2088
10-Nov-14;2624;226;31;52;27;2476;19;15;802;2886;2084
11-Nov-14;2840;232;41;71;16;2979;22;20;793;2877;2084
12-Nov-14;2351;159;28;41;69;1379;10;7;773;2856;2083
13-Nov-14;3087;257;57;95;203;1680;47;12;328;2412;2084
14-Nov-14;2502;220;42;94;139;1296;7;5;852;2933;2081
15-Nov-14;2632;290;20;56;24;655;27;36;698;2780;2082
16-Nov-14;2424;156;25;69;220;1525;10;5;945;3028;2083
17-Nov-14;2674;314;214;55;52;1849;21;9;737;2832;2095
18-Nov-14;2546;265;23;68;301;2697;15;10;928;3029;2101
19-Nov-14;2652;207;57;77;324;2018;7;5;847;2949;2102
20-Nov-14;2378;260;40;75;64;3122;14;8;732;2834;2102
21-Nov-14;2384;222;32;85;27;1354;23;18;1022;3120;2098
22-Nov-14;2807;166;42;120;315;1571;8;2;1094;3189;2095
23-Nov-14;2088;113;30;42;97;3100;8;4;718;2803;2085
24-Nov-14;2614;132;26;51;88;1758;10;7;799;2885;2086
25-Nov-14;3011;143;57;85;187;1263;34;10;725;2805;2080
26-Nov-14;1222;100;42;60;71;1168;8;4;894;2974;2080
27-Nov-14;1765;185;75;70;19;2573;44;12;651;2731;2080
28-Nov-14;1513;152;59;72;0;1338;14;7;479;2559;2080
29-Nov-14;1632;204;43;61;0;1283;23;7;662;2695;2033
30-Nov-14;1358;161;31;38;0;2470;23;0;548;2628;2080
1-Dec-14;1854;185;68;63;0;2433;14;7;414;2494;2080
2-Dec-14;2292;137;61;97;65;2873;10;17;374;2455;2081
3-Dec-14;2099;83;62;56;0;1550;14;14;458;2488;2030
4-Dec-14;2197;123;68;88;65;2209;12;14;336;2447;2111
5-Dec-14;2326;120;79;77;50;2150;26;19;401;2481;2080
6-Dec-14;2380;181;70;68;0;2145;53;22;956;3037;2081
7-Dec-14;2637;266;56;69;0;2736;55;34;702;2776;2074
8-Dec-14;2828;211;90;79;35;2304;49;21;359;2433;2074
9-Dec-14;2902;225;76;97;65;2682;13;15;222;2295;2073
10-Dec-14;2803;201;98;81;0;2489;16;14;204;2277;2073
11-Dec-14;2392;166;87;58;0;1514;16;12;706;2776;2070
12-Dec-14;2289;187;52;50;74;1797;11;2;349;2419;2070
13-Dec-14;3027;127;48;122;307;2426;20;9;666;2728;2062
14-Dec-14;2693;207;37;59;59;2475;16;10;244;2313;2069
15-Dec-14;2925;265;58;62;16;1958;23;11;1219;3293;2074
16-Dec-14;3543;288;35;80;117;3444;21;14;743;2817;2074
17-Dec-14;2563;92;35;59;97;1663;10;7;833;2907;2074
18-Dec-14;3113;284;26;62;57;2419;40;27;731;2805;2074
19-Dec-14;2449;207;39;70;137;2237;13;14;931;3007;2076
20-Dec-14;3447;219;35;75;194;2747;6;7;719;2794;2075
21-Dec-14;3202;175;54;91;212;2299;9;12;873;2949;2076
22-Dec-14;4110;269;55;82;161;2558;31;14;936;3013;2077
23-Dec-14;3107;159;29;60;141;555;12;15;567;2642;2075
24-Dec-14;4185;291;53;85;206;1211;20;7;911;2988;2077
25-Dec-14;3706;247;49;79;280;2039;10;8;555;2628;2073
26-Dec-14;2861;174;35;49;156;2459;15;13;495;2570;2075
27-Dec-14;3297;261;49;57;69;1581;16;10;543;2616;2073
28-Dec-14;3084;247;54;70;127;3143;8;6;703;2765;2062
29-Dec-14;2654;214;18;78;96;1795;12;7;671;2729;2058
30-Dec-14;3472;319;36;54;44;2775;38;7;871;2927;2056
31-Dec-14;3367;240;71;99;16;2142;22;9;1037;3093;2056
1-Jan-15;2806;205;22;42;9;1669;14;11;509;2565;2056
2-Jan-15;3971;497;50;83;66;2363;18;40;721;2776;2055
3-Jan-15;3136;218;46;86;471;1959;18;4;717;2947;2230
4-Jan-15;2925;194;55;75;199;2393;8;2;903;2961;2058
5-Jan-15;2733;143;42;60;123;1330;9;10;947;3001;2054
6-Jan-15;2471;76;46;50;253;2734;6;5;685;2740;2055
7-Jan-15;3428;215;56;93;244;1740;21;6;646;2701;2055
8-Jan-15;2882;213;52;85;232;2363;10;5;632;2687;2055
9-Jan-15;2738;182;50;66;31;1974;9;7;639;2694;2055
10-Jan-15;3421;122;54;78;139;1439;12;17;671;2719;2048
11-Jan-15;2593;95;31;51;215;2673;6;20;476;2524;2048
12-Jan-15;1303;135;32;48;114;1370;8;7;801;2854;2053
13-Jan-15;2283;198;72;72;86;2892;43;14;580;2633;2053
14-Jan-15;1974;175;80;71;80;2229;13;10;405;2458;2053
15-Jan-15;2359;155;72;93;83;2548;27;10;348;2400;2052
16-Jan-15;2850;167;75;107;143;3979;16;10;227;2280;2053
17-Jan-15;2493;192;61;86;0;4363;19;15;821;2873;2052
18-Jan-15;2581;168;55;69;0;2660;15;17;510;2563;2053
19-Jan-15;2530;162;56;78;84;2679;20;12;219;2272;2053
20-Jan-15;2451;178;64;79;32;2590;26;12;359;2412;2053
21-Jan-15;2653;190;54;96;97;2719;31;9;490;2543;2053
22-Jan-15;2854;218;49;85;97;2703;37;12;504;2557;2053
23-Jan-15;2158;196;29;60;24;2174;43;17;561;2613;2052
24-Jan-15;3397;249;46;61;0;3261;25;21;508;2561;2053
25-Jan-15;2901;248;70;79;0;2601;15;20;784;2837;2053
26-Jan-15;2533;198;53;48;24;1706;24;12;586;2639;2053
27-Jan-15;2715;237;44;88;89;2660;22;11;330;2383;2053
28-Jan-15;3138;275;66;72;108;2518;27;18;521;2574;2053
29-Jan-15;3010;254;68;71;92;2234;23;18;549;2602;2053
30-Jan-15;2973;271;66;84;8;1817;27;18;528;2593;2065
31-Jan-15;2894;195;64;58;16;1870;30;24;634;2661;2027
1-Feb-15;2253;160;42;53;0;1846;23;19;780;2845;2065
2-Feb-15;2794;201;69;75;92;2096;20;16;421;2846;2425
3-Feb-15;2862;193;71;70;68;2488;27;19;301;2366;2065
4-Feb-15;2539;182;67;77;16;2305;29;17;649;2711;2062
5-Feb-15;2166;150;38;68;73;2056;21;7;722;2787;2065
6-Feb-15;2812;212;47;44;19;1313;28;7;831;2896;2065
7-Feb-15;3028;177;68;91;330;1885;43;8;800;2865;2065
8-Feb-15;3030;220;67;101;280;1768;39;6;1169;3234;2065
9-Feb-15;3159;127;58;79;388;378;9;9;805;2882;2077
10-Feb-15;2906;149;54;72;51;3712;14;9;846;2923;2077
11-Feb-15;3165;150;45;69;96;2888;19;9;1310;3387;2077
12-Feb-15;2826;60;59;59;16;1002;7;2;1085;3168;2083
13-Feb-15;2510;175;43;64;87;1724;12;6;1013;3078;2065
14-Feb-15;3149;305;52;56;16;1642;19;6;757;2822;2065
15-Feb-15;2949;229;42;69;97;1673;7;2;745;2810;2065
16-Feb-15;2700;228;39;57;16;1752;7;8;708;2773;2065
17-Feb-15;3251;204;72;144;259;2916;18;6;840;2905;2065
18-Feb-15;2398;195;38;71;169;1883;7;5;951;3016;2065
19-Feb-15;2842;212;51;84;180;2708;11;5;990;3053;2063
20-Feb-15;3002;217;56;106;264;2370;10;6;731;2874;2143
21-Feb-15;2519;240;35;56;144;4898;7;9;823;2886;2063
22-Feb-15;3163;342;66;78;16;2986;16;11;750;2805;2055
23-Feb-15;3065;188;50;137;372;2331;11;4;701;2756;2055
24-Feb-15;2662;181;58;90;361;2034;4;3;1160;3215;2055
25-Feb-15;2995;236;38;96;144;2103;58;7;768;2823;2055
26-Feb-15;1342;149;40;60;348;2047;22;14;677;2732;2055
27-Feb-15;3257;232;114;98;100;2832;46;17;802;2857;2055
28-Feb-15;2040;146;43;51;0;2161;20;14;622;2677;2055
1-Mar-15;1903;139;37;44;0;1564;25;16;728;2783;2055
2-Mar-15;2876;177;80;67;0;2011;28;13;536;2591;2055
3-Mar-15;2411;177;69;79;0;2746;26;11;628;2683;2055
4-Mar-15;2914;225;69;96;65;3421;35;19;619;2674;2055
5-Mar-15;2271;151;41;57;0;1666;17;4;651;2706;2055
6-Mar-15;2752;211;68;69;2;2269;19;13;635;2690;2055
7-Mar-15;2915;210;86;62;0;2935;38;22;979;3032;2053
8-Mar-15;2930;262;56;54;0;2821;28;28;750;2803;2053
9-Mar-15;2452;229;41;62;92;1827;33;11;508;2561;2053
10-Mar-15;2956;283;71;54;25;3615;20;22;523;2576;2053
11-Mar-15;2418;185;51;71;0;1945;18;29;682;2735;2053
12-Mar-15;2240;155;47;71;0;2272;10;20;761;2814;2053
13-Mar-15;3300;221;68;89;92;2756;14;24;709;2762;2053
14-Mar-15;2622;178;46;60;0;2160;16;30;1118;3173;2055
15-Mar-15;2495;184;34;78;0;1934;16;18;714;2768;2054
16-Mar-15;2663;161;84;87;0;2624;9;30;737;2792;2055
17-Mar-15;2895;184;74;84;0;3504;17;28;694;2749;2055
18-Mar-15;2617;208;62;68;92;2521;33;24;697;2752;2055
19-Mar-15;2584;135;76;79;0;2783;12;10;473;2528;2055
20-Mar-15;2998;188;61;81;0;1962;8;11;795;2850;2055
21-Mar-15;2947;220;79;78;53;1754;33;16;919;2974;2055
22-Mar-15;3299;177;75;95;396;2697;20;14;917;2972;2055
23-Mar-15;3086;207;69;98;158;2976;16;4;862;2925;2063
24-Mar-15;2963;360;44;99;66;2381;14;45;1087;3150;2063
25-Mar-15;2798;192;59;87;176;2054;11;6;876;2936;2060
26-Mar-15;3633;252;68;82;587;2836;21;13;1109;3172;2063
27-Mar-15;2932;250;50;59;66;3285;7;4;933;2996;2063
28-Mar-15;2511;179;51;133;294;2853;31;12;754;2817;2063
29-Mar-15;2330;204;97;81;457;3602;59;32;760;2823;2063
30-Mar-15;3037;278;129;149;344;3578;23;33;640;2703;2063
31-Mar-15;1931;231;49;43;83;1709;95;14;309;2732;2423
1-Apr-15;1724;138;81;69;100;2687;23;19;270;2333;2063
2-Apr-15;1578;76;37;45;41;911;4;11;510;2573;2063
3-Apr-15;2917;221;35;55;482;1485;27;8;519;2582;2063
4-Apr-15;2074;138;23;44;16;2624;20;6;742;2833;2091
5-Apr-15;3370;273;54;95;131;3848;30;11;1183;3259;2076
6-Apr-15;3079;186;34;89;473;1383;19;0;716;2792;2076
7-Apr-15;3314;337;69;61;16;2064;22;8;1130;3206;2076
8-Apr-15;3563;389;106;122;139;2987;7;35;525;2601;2076
9-Apr-15;2631;162;44;78;195;2516;32;7;408;2484;2076
10-Apr-15;2603;187;49;60;423;2753;13;14;793;2869;2076
11-Apr-15;2808;187;36;39;124;1147;9;6;696;2772;2076
12-Apr-15;3207;250;60;83;139;1732;12;12;720;2780;2060
13-Apr-15;3207;250;60;83;139;1732;12;12;720;2819;2099
14-Apr-15;2754;261;84;70;8;1139;4;4;759;2853;2094
15-Apr-15;2732;245;25;58;126;2104;11;5;793;2969;2176
16-Apr-15;2406;222;29;46;56;1559;21;11;909;3059;2150
17-Apr-15;2829;130;34;63;69;2719;8;4;993;2946;1953
18-Apr-15;2604;209;32;67;317;2757;7;3;880;3255;2375
19-Apr-15;3061;267;57;68;266;2379;13;13;654;2720;2066
20-Apr-15;2789;239;74;73;149;3096;10;6;761;2827;2066
21-Apr-15;2922;277;75;92;153;2247;9;7;801;2867;2066
22-Apr-15;2365;288;23;90;391;2204;9;24;634;2700;2066
23-Apr-15;2529;346;34;55;85;2931;13;17;1049;3115;2066
24-Apr-15;2585;285;44;72;131;3542;7;9;679;2745;2066
25-Apr-15;2797;568;33;77;8;2262;11;47;816;2879;2063
26-Apr-15;2840;168;51;51;423;2282;13;7;1237;3300;2063
27-Apr-15;2992;119;51;38;16;2742;11;4;727;2790;2063
28-Apr-15;2518;158;19;70;198;1865;8;18;715;2778;2063
29-Apr-15;3131;145;62;91;65;1641;11;7;834;2897;2063
30-Apr-15;3042;140;69;76;730;2575;12;5;912;2973;2061
1-May-15;2021;114;28;28;16;3570;8;0;1055;3118;2063
2-May-15;2593;191;82;76;160;2351;13;7;1067;3145;2078
3-May-15;2843;137;19;78;338;2244;12;6;779;2850;2071
4-May-15;2981;113;71;71;16;1408;9;4;1131;3202;2071
5-May-15;3266;138;69;61;292;2935;9;5;1112;3183;2071
6-May-15;2582;187;41;80;117;2797;12;4;921;2992;2071
7-May-15;2359;135;44;55;387;2737;12;9;932;3003;2071
8-May-15;3011;187;50;55;437;2154;7;5;1071;3142;2071
9-May-15;2489;150;35;80;198;2042;9;3;679;2741;2062
10-May-15;2700;226;33;37;16;957;27;8;1081;3143;2062
11-May-15;2814;206;19;47;23;659;7;19;868;2930;2062
12-May-15;2628;180;42;52;38;2116;7;8;802;2864;2062
13-May-15;2819;385;56;73;8;2224;15;61;825;2887;2062
14-May-15;2938;230;52;67;16;2340;20;12;1351;3413;2062
15-May-15;3051;219;48;72;65;3595;11;8;1084;3146;2062
16-May-15;3771;217;57;91;886;3005;12;7;944;3011;2067
17-May-15;3092;198;49;66;0;5559;3;2;961;3027;2066
18-May-15;2722;135;45;86;96;2155;11;6;877;2944;2067
19-May-15;3283;220;40;83;125;3596;18;5;726;2793;2067
20-May-15;3333;129;61;84;875;3045;14;7;964;3020;2056
21-May-15;3100;261;45;62;16;1936;19;6;1204;3260;2056
22-May-15;3354;337;27;57;31;869;13;20;840;2896;2056
23-May-15;2704;267;52;98;388;2677;12;7;756;2812;2056
24-May-15;2778;190;49;32;19;751;4;3;933;2996;2063
25-May-15;2603;252;29;64;127;3646;14;4;1022;3085;2063
26-May-15;3068;264;64;70;46;2749;11;13;936;2999;2063
27-May-15;2911;241;35;81;149;2303;11;7;903;2964;2061
28-May-15;3482;289;37;93;163;2221;23;12;1032;3095;2063
29-May-15;2985;294;42;63;16;2868;10;11;1020;3083;2063
30-May-15;2963;293;30;28;16;1315;12;6;1205;3268;2063
31-May-15;3997;317;75;77;117;2066;16;12;1262;3325;2063
1-Jun-15;1775;137;54;105;575;2953;23;13;647;2710;2063
2-Jun-15;1990;151;45;69;88;4357;15;24;1084;3147;2063
3-Jun-15;1877;136;71;55;68;2353;7;17;580;2643;2063
4-Jun-15;774;100;27;40;66;1827;14;13;64;2127;2063
5-Jun-15;2503;248;81;111;112;2550;36;39;406;2469;2063
6-Jun-15;1046;125;36;43;200;1439;24;12;708;2752;2044
7-Jun-15;2328;137;61;180;699;2053;25;16;532;2594;2062
8-Jun-15;2126;136;86;113;702;3228;21;17;409;2472;2063
9-Jun-15;2236;123;87;112;273;3273;15;13;529;2592;2063
10-Jun-15;1078;110;50;50;97;2173;9;10;442;2505;2063
11-Jun-15;1328;134;57;60;102;4734;13;17;541;2604;2063
12-Jun-15;1921;184;68;73;74;2927;32;26;25;2088;2063
13-Jun-15;1655;71;98;72;287;2495;25;13;416;2479;2063
14-Jun-15;1772;154;84;63;133;3712;26;21;181;2244;2063
15-Jun-15;1855;186;78;78;112;3577;28;19;242;2305;2063
16-Jun-15;1944;205;62;93;47;2306;35;39;494;2557;2063
17-Jun-15;2425;132;53;70;494;1827;33;4;439;2502;2063
18-Jun-15;2374;207;39;39;8;1303;15;5;1172;3235;2063
19-Jun-15;2978;270;48;46;16;350;6;3;850;2913;2063
20-Jun-15;3000;397;34;92;84;2280;17;49;1308;3371;2063
21-Jun-15;2905;172;41;74;76;527;4;2;1143;3206;2063
22-Jun-15;2743;157;60;69;151;1765;16;6;1064;3127;2063
23-Jun-15;2528;137;35;51;8;1632;4;9;870;2666;1796
24-Jun-15;2813;142;33;95;205;1968;16;2;1480;3541;2061
25-Jun-15;2817;107;61;77;156;1958;24;16;989;3050;2061
26-Jun-15;2813;195;57;96;933;1834;17;16;1022;3082;2060
27-Jun-15;2457;130;46;111;321;1897;10;3;1128;3188;2060
28-Jun-15;2458;272;38;90;123;3968;12;8;721;2781;2060
29-Jun-15;1807;146;43;47;143;1353;12;4;797;2857;2060
30-Jun-15;2776;335;58;69;8;1951;18;7;1331;3494;2163
1-Jul-15;2345;316;29;26;8;1256;16;8;1069;3112;2043
2-Jul-15;2518;263;40;58;87;452;12;6;1312;3355;2043
3-Jul-15;2157;172;28;55;21;1005;7;8;1226;3269;2043
4-Jul-15;3383;348;55;73;126;2265;22;9;1123;3157;2034
5-Jul-15;3169;228;45;105;142;2795;8;4;875;2909;2034
6-Jul-15;2780;247;40;52;58;2093;27;5;1026;3060;2034
7-Jul-15;3212;317;73;115;403;3017;16;8;1352;3386;2034
8-Jul-15;3244;227;71;103;195;1716;38;8;1216;3250;2034
9-Jul-15;2588;239;45;66;72;1869;35;11;897;2931;2034
10-Jul-15;2577;270;30;65;95;3325;12;7;1247;3281;2034
11-Jul-15;2834;106;84;101;183;1431;15;10;930;2964;2034
12-Jul-15;2935;192;46;104;253;1701;10;5;1115;3149;2034
13-Jul-15;2737;224;30;55;69;3259;6;8;915;2949;2034
14-Jul-15;2598;157;16;25;29;605;12;2;1186;3220;2034
15-Jul-15;3012;297;54;58;195;1585;19;8;1268;3302;2034
16-Jul-15;3340;259;41;93;191;2408;15;7;1088;3122;2034
17-Jul-15;2755;221;24;57;31;572;6;18;956;2990;2034
18-Jul-15;3136;280;56;55;428;1443;19;6;1119;3153;2034
19-Jul-15;3147;195;49;85;225;1273;16;2;1258;3300;2042
20-Jul-15;2688;373;45;85;0;1534;13;31;668;2710;2042
21-Jul-15;2594;301;32;44;30;1659;20;13;974;3016;2042
22-Jul-15;2525;166;60;72;151;1860;16;6;714;2756;2042
23-Jul-15;2394;190;43;76;16;1540;7;8;754;2796;2042
24-Jul-15;3042;197;70;99;181;2905;19;6;832;2874;2042
25-Jul-15;3140;278;59;70;16;1954;21;7;1450;3499;2049
26-Jul-15;3057;249;49;88;187;1652;10;5;852;2901;2049
27-Jul-15;2904;249;47;51;260;4905;12;23;991;3040;2049
28-Jul-15;2709;151;47;44;631;1936;11;3;1055;3104;2049
29-Jul-15;1720;109;25;43;134;1331;17;3;1164;3213;2049
30-Jul-15;2470;201;56;69;16;1900;19;7;1161;2998;1837
31-Jul-15;3169;329;49;49;16;512;12;2;1222;3210;1988
1-Aug-15;2390;105;20;30;8;633;11;4;1216;3265;2049
2-Aug-15;2589;172;36;31;56;4620;16;22;1222;3271;2049
3-Aug-15;2354;122;60;102;197;1594;12;11;908;2957;2049
4-Aug-15;1513;145;68;70;588;1908;3;13;772;2821;2049
5-Aug-15;1345;145;47;59;391;1514;24;16;410;2459;2049
6-Aug-15;1644;180;67;78;398;2300;9;16;571;2620;2049
7-Aug-15;1039;84;46;66;1252;862;2;9;421;2470;2049
8-Aug-15;1618;196;63;59;235;1728;16;17;453;2466;2013
9-Aug-15;1715;160;82;79;559;3476;23;14;310;2359;2049
10-Aug-15;1505;145;70;67;332;3558;22;17;460;2509;2049
11-Aug-15;1627;162;74;72;530;3088;25;15;492;2541;2049
12-Aug-15;1674;177;75;62;433;2242;28;14;439;2488;2049
13-Aug-15;1536;168;66;61;245;2901;28;16;472;2521;2049
14-Aug-15;1400;122;68;72;661;2350;17;14;536;2585;2049
15-Aug-15;1446;180;56;51;434;1738;21;20;492;2526;2034
16-Aug-15;1620;163;69;86;548;3469;15;19;659;2708;2049
17-Aug-15;1554;156;62;90;487;2761;15;15;453;2502;2049
18-Aug-15;1562;171;63;72;411;3019;19;15;476;2525;2049
19-Aug-15;1757;172;78;80;273;2898;18;18;520;2569;2049
20-Aug-15;2154;218;76;110;403;3240;34;24;492;2541;2049
21-Aug-15;1952;60;13;17;334;341;18;1;668;2125;1457
22-Aug-15;2687;217;37;102;174;2579;13;5;1340;3392;2052
23-Aug-15;2556;203;31;37;246;3770;9;18;1616;3668;2052
24-Aug-15;3328;190;12;30;16;587;7;2;1482;3534;2052
25-Aug-15;2834;304;46;53;8;2020;17;6;2273;4325;2052
26-Aug-15;2576;167;25;23;204;2506;5;0;1558;3610;2052
27-Aug-15;2907;227;53;91;16;2538;20;12;1626;3678;2052
28-Aug-15;2342;210;34;50;23;302;5;22;1391;3443;2052
29-Aug-15;2522;285;29;78;97;1621;7;5;1235;2904;1669
30-Aug-15;2721;227;37;96;122;2125;14;6;1312;3364;2052
31-Aug-15;2907;277;36;70;203;2980;10;3;1156;3208;2052
1-Sep-15;2816;215;34;40;279;2839;10;8;1658;2835;1177
2-Sep-15;2509;228;18;76;129;1653;13;6;1094;3710;2616
3-Sep-15;2287;235;21;77;31;812;9;20;1052;3087;2035
4-Sep-15;2511;228;40;58;239;2140;7;5;1419;2990;1571
5-Sep-15;2893;444;40;78;83;2334;15;39;1241;3158;1917
6-Sep-15;2714;111;59;67;563;1968;15;7;1223;3143;1920
7-Sep-15;2703;183;31;44;133;1486;14;7;1211;3070;1859
8-Sep-15;2677;115;44;66;200;1782;6;7;1320;3014;1694
9-Sep-15;2614;336;36;68;71;2219;16;41;1025;2833;1808
10-Sep-15;2557;220;40;90;468;2055;8;11;1579;3608;2029
11-Sep-15;2545;210;32;58;473;1901;20;11;1999;4028;2029
12-Sep-15;2774;155;51;93;380;2493;4;2;1530;3559;2029
13-Sep-15;2912;206;49;79;131;4133;15;7;1381;3410;2029
14-Sep-15;1775;122;42;121;298;1825;25;16;915;2944;2029
15-Sep-15;1782;183;70;92;421;3061;10;19;677;2706;2029
16-Sep-15;1483;127;65;83;421;2810;9;16;513;2542;2029
17-Sep-15;1882;203;70;96;421;2912;30;26;492;2521;2029
18-Sep-15;1636;192;55;91;421;3190;32;27;589;2618;2029
19-Sep-15;1939;200;80;88;412;3309;13;20;554;2583;2029
20-Sep-15;2004;190;80;119;605;4386;22;21;413;2442;2029
21-Sep-15;1758;205;64;89;548;3295;54;26;375;2404;2029
22-Sep-15;1911;175;90;94;1176;2783;48;20;525;2699;2174
23-Sep-15;1819;208;58;107;172;4052;37;31;475;2504;2029
24-Sep-15;1032;103;36;67;526;1832;10;19;403;2432;2029
25-Sep-15;1520;135;68;87;589;3611;10;16;338;2499;2161
26-Sep-15;1717;137;83;100;1009;3979;11;16;416;2445;2029
27-Sep-15;1771;153;75;119;709;3038;19;20;263;2292;2029
28-Sep-15;1756;196;63;94;544;3258;12;25;615;2644;2029
29-Sep-15;1628;138;71;98;589;3916;13;20;513;2542;2029
30-Sep-15;1662;175;67;90;179;4234;22;26;558;2587;2029
1-Oct-15;1517;176;43;66;514;1999;35;25;614;2643;2029
2-Oct-15;2467;103;55;77;487;1101;22;2;450;2479;2029
3-Oct-15;2271;207;40;98;196;2891;12;4;1062;3091;2029
4-Oct-15;2460;148;29;72;94;1966;14;6;1074;3075;2001
5-Oct-15;2715;213;22;48;23;917;4;19;1171;3200;2029
6-Oct-15;2648;141;30;40;270;1877;8;5;759;2788;2029
7-Oct-15;2878;248;43;74;8;2127;16;6;1277;3290;2013
8-Oct-15;3568;235;59;122;363;3122;19;18;1657;3670;2013
9-Oct-15;2521;143;63;62;34;1361;8;6;1060;3073;2013
10-Oct-15;3439;223;58;122;370;2495;22;11;916;2929;2013
11-Oct-15;3315;289;50;86;357;2221;19;18;1136;3062;1926
12-Oct-15;2730;234;31;76;236;2179;11;6;1026;3039;2013
13-Oct-15;3139;301;32;33;8;1094;20;23;1239;3252;2013
14-Oct-15;2761;193;53;106;220;1543;18;18;1035;3048;2013
15-Oct-15;2541;271;20;81;26;968;9;24;1229;3242;2013
16-Oct-15;3135;300;53;68;74;2047;19;8;1128;3141;2013
17-Oct-15;3273;276;45;95;148;1949;18;20;792;2805;2013
18-Oct-15;2609;168;23;20;8;764;6;3;1519;3532;2013
19-Oct-15;2461;231;30;47;33;2242;20;11;947;2960;2013
20-Oct-15;3120;293;46;73;57;2643;57;31;922;2919;1997
21-Oct-15;2675;188;17;26;155;1334;11;8;969;2982;2013
22-Oct-15;2911;283;71;48;0;1441;14;7;1019;3032;2013
23-Oct-15;2642;174;19;41;19;973;6;3;858;2871;2013
24-Oct-15;3311;244;56;79;114;3109;9;9;852;2865;2013
