#Date;Calories;Carbs;Fat;Protein;Cholest;Sodium;Sugars;Fiber;Exercise;FB Cals;FB BMR?;Cin_Fact;TDEE Fact.;Cin/Cout;Cin/Cout (3 days);7 day CalD;7 day Carbs;7 day Weight;avail. Wt;Average;Dy Weight
Tue, 19-Aug-14;2,663;262;113;112;212;2,001;22;43;242;2,301;2,059;1.00;1.12;116%;;0.00;;;85.50;#DIV/0!;#N/A
Wed, 20-Aug-14;2,515;83;48;76;460;1,126;0;0;202;2,654;2,452;1.00;1.08;95%;;362.00;430.00;85.50;85.50;#DIV/0!;#N/A
Thu, 21-Aug-14;2,089;71;27;20;25;1,006;8;5;322;2,833;2,511;1.00;1.13;74%;93%;111.50;215.00;85.50;85.50;#DIV/0!;#N/A
Fri, 22-Aug-14;2,975;57;67;66;100;646;0;3;127;1,972;1,845;1.00;1.07;151%;102%;-173.67;160.00;85.50;85.50;#DIV/0!;#N/A
Sat, 23-Aug-14;3,824;233;151;93;33;1,621;52;63;943;3,370;2,427;1.00;1.39;113%;109%;120.50;127.50;85.50;83.40;83.40;83.40
Sun, 24-Aug-14;2,312;131;18;24;13;669;20;7;688;3,127;2,439;1.00;1.28;74%;108%;187.20;228.00;85.08;83.80;83.80;83.80
Mon, 25-Aug-14;2,394;138;39;45;442;1,646;4;9;411;2,857;2,446;1.00;1.17;84%;91%;20.17;201.67;84.87;83.80;#DIV/0!;#N/A
Tue, 26-Aug-14;2,752;138;40;51;229;756;39;23;668;3,118;2,450;1.00;1.27;88%;82%;-48.86;185.71;84.71;83.80;#DIV/0!;#N/A
Wed, 27-Aug-14;1,843;35;17;13;32;884;4;2;350;2,792;2,442;1.00;1.14;66%;80%;-152.86;157.14;84.47;83.80;#DIV/0!;#N/A
Thu, 28-Aug-14;2,176;99;27;43;50;1,607;1;6;703;3,137;2,434;1.00;1.29;69%;75%;-268.57;160.00;84.23;83.80;#DIV/0!;#N/A
Fri, 29-Aug-14;2,607;205;36;67;198;2,715;35;6;321;2,157;1,836;1.00;1.17;121%;82%;-299.57;161.43;83.99;83.80;#DIV/0!;#N/A
Sat, 30-Aug-14;2,623;160;30;35;359;1,473;6;14;853;3,284;2,431;1.00;1.35;80%;86%;-378.57;165.71;83.74;83.95;83.83;83.83
Sun, 31-Aug-14;1,614;52;11;32;76;703;15;5;407;2,839;2,432;1.00;1.17;57%;83%;-537.86;95.71;83.82;83.95;#DIV/0!;#N/A
Mon, 1-Sep-14;2,334;69;61;73;102;892;21;22;437;2,869;2,432;1.00;1.18;81%;73%;-596.43;92.86;83.84;83.95;#DIV/0!;#N/A
Tue, 2-Sep-14;2,367;77;48;90;171;1,611;18;6;405;2,828;2,423;1.00;1.17;84%;74%;-606.71;111.43;83.86;83.95;#DIV/0!;#N/A
Wed, 3-Sep-14;2,303;120;39;65;44;1,589;30;13;682;3,095;2,413;1.00;1.28;74%;80%;-620.29;87.14;83.89;83.95;#DIV/0!;#N/A
Thu, 4-Sep-14;2,177;75;21;63;82;1,586;3;7;595;3,004;2,409;1.00;1.25;72%;77%;-597.86;102.86;83.91;83.35;83.35;83.35
Fri, 5-Sep-14;2,822;159;54;80;528;1,983;4;4;565;2,973;2,408;1.00;1.23;95%;80%;-578.71;104.29;83.84;83.35;#DIV/0!;#N/A
Sat, 6-Sep-14;2,348;143;23;32;13;1,045;8;8;455;2,863;2,408;1.00;1.19;82%;83%;-664.57;101.43;83.78;83.25;83.25;83.25
Sun, 7-Sep-14;1,756;25;4;35;125;805;2;0;0;2,296;2,296;1.00;1.00;76%;85%;-643.71;92.86;83.68;83.60;83.60;83.60
Mon, 8-Sep-14;1,866;156;11;32;41;1,011;25;8;902;3,309;2,407;1.00;1.37;56%;71%;-545.86;85.71;83.63;83.60;#DIV/0!;#N/A
Tue, 9-Sep-14;2,421;162;38;48;23;3,633;27;16;640;3,052;2,412;1.00;1.27;79%;70%;-675.57;65.71;83.58;83.60;#DIV/0!;#N/A
Wed, 10-Sep-14;2,564;88;25;65;40;1,569;9;4;395;2,810;2,415;1.00;1.16;91%;75%;-699.86;80.00;83.53;83.45;83.45;83.45
Thu, 11-Sep-14;2,213;95;28;57;340;1,149;19;8;454;2,861;2,407;1.00;1.19;77%;83%;-621.86;67.14;83.46;83.20;83.20;83.20
Fri, 12-Sep-14;2,565;169;38;78;178;2,195;28;3;469;2,875;2,406;1.00;1.19;89%;86%;-596.29;68.57;83.44;83.20;#DIV/0!;#N/A
Sat, 13-Sep-14;2,498;70;55;100;237;770;22;5;206;2,612;2,406;1.00;1.09;96%;87%;-619.00;67.14;83.41;83.05;83.18;83.18
Sun, 14-Sep-14;2,888;184;45;88;322;2,767;32;14;581;2,982;2,401;1.00;1.24;97%;94%;-561.71;62.86;83.39;82.80;82.63;82.63
Mon, 15-Sep-14;2,119;115;30;39;424;797;4;3;804;3,201;2,397;1.00;1.34;66%;85%;-498.00;82.86;83.27;82.45;#DIV/0!;#N/A
Tue, 16-Sep-14;2,348;174;18;46;48;1,015;27;16;447;2,838;2,391;1.00;1.19;83%;82%;-446.43;75.71;83.11;82.45;82.05;82.05
Wed, 17-Sep-14;3,103;127;98;113;20;2,073;14;28;502;2,897;2,395;1.00;1.21;107%;85%;-426.29;75.71;82.94;82.05;#DIV/0!;#N/A
Thu, 18-Sep-14;2,391;284;14;50;144;1,697;19;10;339;2,735;2,396;1.00;1.14;87%;93%;-361.71;110.00;82.74;82.05;#DIV/0!;#N/A
Fri, 19-Sep-14;2,456;150;18;33;44;2,132;1;4;405;2,801;2,396;1.00;1.17;88%;94%;-318.29;112.86;82.58;82.35;82.35;82.35
Sat, 20-Sep-14;2,682;216;47;58;0;1,735;11;6;869;3,267;2,398;1.00;1.36;82%;86%;-323.29;114.29;82.46;82.85;82.85;82.85
Sun, 21-Sep-14;2,144;220;32;62;108;3,059;12;2;560;2,700;2,140;1.00;1.26;79%;83%;-390.57;115.71;82.43;82.55;82.55;82.55
Mon, 22-Sep-14;2,212;165;26;46;148;1,644;37;6;852;2,988;2,136;1.00;1.40;74%;79%;-456.57;98.57;82.39;82.55;#DIV/0!;#N/A
Tue, 23-Sep-14;2,035;44;8;50;188;1,641;11;2;713;2,848;2,135;1.00;1.33;71%;75%;-412.86;102.86;82.41;82.90;82.90;82.90
Wed, 24-Sep-14;2,312;142;46;79;23;2,723;5;13;122;2,257;2,135;1.00;1.06;102%;81%;-459.00;82.86;82.47;82.60;82.60;82.60
Thu, 25-Sep-14;2,178;93;36;42;56;2,540;18;4;661;2,796;2,135;1.00;1.31;78%;83%;-480.57;61.43;82.55;83.10;83.10;83.10
Fri, 26-Sep-14;2,483;222;31;94;39;1,811;27;20;682;2,814;2,132;1.00;1.32;88%;89%;-519.71;52.86;82.70;81.85;81.85;81.85
Sat, 27-Sep-14;3,022;236;85;117;236;1,451;41;22;718;2,849;2,131;1.00;1.34;106%;91%;-517.71;75.71;82.63;82.25;82.25;82.25
Sun, 28-Sep-14;2,642;205;25;84;54;2,343;11;7;891;3,022;2,131;1.00;1.42;87%;94%;-409.43;98.57;82.54;82.55;82.23;82.23
Mon, 29-Sep-14;2,316;292;26;73;192;2,979;28;9;838;2,969;2,131;1.00;1.39;78%;90%;-384.29;105.71;82.54;81.90;81.65;81.65
Tue, 30-Sep-14;2,511;249;18;54;39;1,220;14;10;855;2,983;2,128;1.00;1.40;84%;83%;-366.71;110.00;82.45;82.80;82.80;82.80
Wed, 1-Oct-14;2,573;249;17;53;197;2,821;24;9;1,011;3,137;2,126;1.00;1.48;82%;81%;-318.00;121.43;82.44;82.80;82.40;82.40
Thu, 2-Oct-14;2,839;224;44;40;68;1,407;33;9;884;3,011;2,127;1.00;1.42;94%;87%;-406.43;115.71;82.46;81.65;81.65;81.65
Fri, 3-Oct-14;3,004;230;41;46;111;2,013;16;16;644;2,769;2,125;1.00;1.30;108%;94%;-342.71;122.86;82.26;82.00;82.00;82.00
Sat, 4-Oct-14;2,572;213;23;58;88;1,477;14;4;597;2,723;2,126;1.00;1.28;94%;99%;-261.86;117.14;82.28;82.00;80.60;80.60
Sun, 5-Oct-14;2,940;319;22;99;31;1,919;29;25;864;2,988;2,124;1.00;1.41;98%;100%;-308.14;91.43;82.24;81.15;81.15;81.15
Mon, 6-Oct-14;2,111;290;19;67;80;2,850;11;18;712;2,836;2,124;1.00;1.34;74%;89%;-260.71;117.14;82.04;81.30;81.30;81.30
Tue, 7-Oct-14;2,755;345;19;56;245;1,812;19;29;756;2,880;2,124;1.00;1.36;96%;90%;-271.00;130.00;81.96;81.15;81.15;81.15
Wed, 8-Oct-14;2,296;266;15;56;40;1,961;12;12;938;3,058;2,120;1.00;1.44;75%;82%;-221.43;157.14;81.72;81.70;81.70;81.70
Thu, 9-Oct-14;2,364;182;12;48;39;1,459;8;2;814;2,933;2,119;1.00;1.38;81%;84%;-249.71;161.43;81.56;81.45;81.45;81.45
Fri, 10-Oct-14;2,535;250;43;56;258;2,087;12;12;803;2,921;2,118;1.00;1.38;87%;81%;-306.43;151.43;81.54;81.70;81.70;81.70
Sat, 11-Oct-14;2,035;117;26;43;36;1,528;13;4;756;2,874;2,118;1.00;1.36;71%;79%;-395.14;145.71;81.49;80.70;80.70;80.70
Sun, 12-Oct-14;2,361;243;17;52;8;2,262;5;12;905;3,019;2,114;1.00;1.43;78%;79%;-493.43;145.71;81.31;80.70;81.15;81.15
Mon, 13-Oct-14;2,217;237;8;41;112;2,241;18;8;1136;3,248;2,112;1.00;1.54;68%;72%;-580.57;127.14;81.24;81.15;#DIV/0!;#N/A
Tue, 14-Oct-14;2,425;187;31;65;160;2,607;20;9;905;3,017;2,112;1.00;1.43;80%;75%;-624.29;112.86;81.22;80.25;80.25;80.25
Wed, 15-Oct-14;2,931;198;57;110;228;1,527;36;11;859;2,968;2,109;1.00;1.41;99%;82%;-691.00;84.29;81.09;80.20;80.20;80.20
Thu, 16-Oct-14;2,304;223;22;81;161;3,055;16;13;860;2,968;2,108;1.00;1.41;78%;86%;-587.43;82.86;80.88;80.85;80.85;80.85
Fri, 17-Oct-14;2,474;284;22;52;88;3,350;11;6;856;2,965;2,109;1.00;1.41;83%;87%;-601.00;98.57;80.79;80.10;80.10;80.10
Sat, 18-Oct-14;2,553;257;25;41;64;2,480;21;9;1,266;3,373;2,107;1.00;1.60;76%;79%;-616.00;90.00;80.56;80.25;80.25;80.25
Sun, 19-Oct-14;2,315;235;15;35;6;1,205;28;12;799;2,906;2,107;1.00;1.38;80%;79%;-613.29;97.14;80.50;80.25;80.10;80.10
Mon, 20-Oct-14;2,663;185;32;52;16;2,007;21;8;710;2,817;2,107;1.00;1.34;95%;83%;-603.71;97.14;80.44;80.35;80.35;80.35
Tue, 21-Oct-14;2,427;249;34;73;16;2,918;12;13;792;2,899;2,107;1.00;1.38;84%;86%;-478.43;97.14;80.32;80.35;#DIV/0!;#N/A
Wed, 22-Oct-14;2,174;180;28;79;135;2,695;13;4;834;2,940;2,106;1.00;1.40;74%;84%;-461.29;102.86;80.34;81.00;81.00;81.00
Thu, 23-Oct-14;1,999;252;33;55;21;1,815;20;13;400;2,507;2,107;1.00;1.19;80%;79%;-565.43;92.86;80.45;81.30;81.23;81.23
Fri, 24-Oct-14;2,642;218;42;92;607;1,464;15;13;839;2,946;2,107;1.00;1.40;90%;81%;-543.14;92.86;80.51;80.20;80.20;80.20
Sat, 25-Oct-14;2,685;270;24;24;70;1,750;40;19;974;3,081;2,107;1.00;1.46;87%;86%;-516.43;102.86;80.53;79.85;79.85;79.85
Sun, 26-Oct-14;2,474;263;34;0;16;957;20;4;655;2,759;2,104;1.00;1.31;90%;89%;-455.86;117.14;80.47;79.85;79.55;79.55
Mon, 27-Oct-14;2,337;206;35;68;161;2,671;11;7;831;2,935;2,104;1.00;1.39;80%;85%;-412.14;105.71;80.41;79.55;79.55;79.55
Tue, 28-Oct-14;2,323;220;39;60;166;1,302;42;11;594;2,698;2,104;1.00;1.28;86%;85%;-475.57;104.29;80.30;79.95;79.95;79.95
Wed, 29-Oct-14;2,352;220;35;78;39;2,269;18;8;731;2,835;2,104;1.00;1.35;83%;83%;-461.71;101.43;80.24;79.85;79.85;79.85
Thu, 30-Oct-14;2,108;211;34;60;126;1,922;32;13;705;2,809;2,104;1.00;1.34;75%;81%;-421.29;107.14;80.08;80.90;80.90;80.90
Fri, 31-Oct-14;2,704;250;33;80;16;4,919;10;7;855;2,959;2,104;1.00;1.41;91%;83%;-448.86;107.14;80.02;80.40;80.28;80.28
Sat, 1-Nov-14;2,551;123;28;44;112;2,312;23;13;884;2,988;2,104;1.00;1.42;85%;84%;-441.86;98.57;80.05;80.60;80.60;80.60
Sun, 2-Nov-14;2,077;203;30;68;112;899;41;9;590;2,694;2,104;1.00;1.28;77%;85%;-447.71;90.00;80.16;80.85;80.85;80.85
Mon, 3-Nov-14;2,161;257;58;59;74;1,457;50;15;714;2,809;2,095;1.00;1.34;77%;80%;-495.14;97.14;80.30;80.70;80.70;80.70
Tue, 4-Nov-14;2,178;199;37;75;138;2,137;5;5;776;2,868;2,092;1.00;1.37;76%;77%;-502.29;108.57;80.46;80.10;80.10;80.10
Wed, 5-Nov-14;2,227;207;16;57;117;2,226;12;7;901;2,992;2,091;1.00;1.43;74%;76%;-547.29;100.00;80.49;78.55;78.55;78.55
Thu, 6-Nov-14;2,459;169;34;30;27;886;14;5;826;2,923;2,097;1.00;1.39;84%;78%;-587.57;98.57;80.30;78.70;78.70;78.70
Fri, 7-Nov-14;2,430;160;23;72;180;1,811;14;9;444;2,541;2,097;1.00;1.21;96%;84%;-553.71;87.14;79.99;79.65;79.65;79.65
Sat, 8-Nov-14;2,415;296;27;62;124;2,508;18;9;529;2,627;2,098;1.00;1.25;92%;90%;-533.14;90.00;79.88;79.10;79.10;79.10
Sun, 9-Nov-14;2,692;243;33;103;43;1,808;25;17;869;2,957;2,088;1.00;1.42;91%;93%;-501.00;84.29;79.66;79.60;79.60;79.60
Mon, 10-Nov-14;2,624;226;31;52;27;2,476;19;15;802;2,886;2,084;1.00;1.38;91%;91%;-450.71;95.71;79.49;78.90;78.90;78.90
Tue, 11-Nov-14;2,840;232;41;71;16;2,979;22;20;793;2,877;2,084;1.00;1.38;99%;94%;-395.57;95.71;79.23;78.70;78.70;78.70
Wed, 12-Nov-14;2,351;159;28;41;69;1,379;10;7;773;2,856;2,083;1.00;1.37;82%;91%;-302.29;117.14;79.03;78.75;78.75;78.75
Thu, 13-Nov-14;3,087;257;57;95;203;1,680;47;12;328;2,412;2,084;1.00;1.16;128%;102%;-265.14;117.14;79.06;78.85;78.85;78.85
Fri, 14-Nov-14;2,502;220;42;94;139;1,296;7;5;852;2,933;2,081;1.00;1.41;85%;97%;-102.43;127.14;79.08;79.85;79.85;79.85
Sat, 15-Nov-14;2,632;290;20;56;24;655;27;36;698;2,780;2,082;1.00;1.34;95%;101%;-148.14;121.43;79.11;79.05;79.05;79.05
Sun, 16-Nov-14;2,424;156;25;69;220;1,525;10;5;945;3,028;2,083;1.00;1.45;80%;86%;-139.00;160.00;79.10;77.95;77.95;77.95
Mon, 17-Nov-14;2,674;314;214;55;52;1,849;21;9;737;2,832;2,095;1.00;1.35;94%;89%;-187.43;142.86;78.86;79.25;79.25;79.25
Tue, 18-Nov-14;2,546;265;23;68;301;2,697;15;10;928;3,029;2,101;1.00;1.44;84%;86%;-172.57;134.29;78.91;79.65;79.65;79.65
Wed, 19-Nov-14;2,652;207;57;77;324;2,018;7;5;847;2,949;2,102;1.00;1.40;90%;89%;-236.29;120.00;79.05;79.30;79.30;79.30
Thu, 20-Nov-14;2,378;260;40;75;64;3,122;14;8;732;2,834;2,102;1.00;1.35;84%;86%;-206.57;117.14;79.13;79.40;79.40;79.40
Fri, 21-Nov-14;2,384;222;32;85;27;1,354;23;18;1,022;3,120;2,098;1.00;1.49;76%;83%;-368.14;111.43;79.21;78.80;78.80;78.80
Sat, 22-Nov-14;2,807;166;42;120;315;1,571;8;2;1,094;3,189;2,095;1.00;1.52;88%;83%;-411.71;130.00;79.06;78.90;78.90;78.90
Sun, 23-Nov-14;2,088;113;30;42;97;3,100;8;4;718;2,803;2,085;1.00;1.34;74%;80%;-445.14;81.43;79.04;78.10;78.10;78.10
Mon, 24-Nov-14;2,614;132;26;51;88;1,758;10;7;799;2,885;2,086;1.00;1.38;91%;85%;-461.00;80.00;79.06;78.45;78.45;78.45
Tue, 25-Nov-14;3,011;143;57;85;187;1,263;34;10;725;2,805;2,080;1.00;1.35;107%;91%;-477.14;77.14;78.94;79.00;79.00;79.00
Wed, 26-Nov-14;1,222;100;42;60;71;1,168;8;4;894;2,974;2,080;1.00;1.43;41%;79%;-378.71;77.14;78.85;78.85;78.85;78.85
Thu, 27-Nov-14;1,765;185;75;70;19;2,573;44;12;651;2,731;2,080;1.00;1.31;65%;70%;-586.57;75.71;78.79;78.85;#DIV/0!;#N/A
Fri, 28-Nov-14;1,513;152;59;72;0;1,338;14;7;479;2,559;2,080;1.00;1.23;59%;54%;-659.43;81.43;78.71;78.85;#DIV/0!;#N/A
Sat, 29-Nov-14;1,632;204;43;61;0;1,283;23;7;662;2,695;2,033;1.00;1.33;61%;61%;-703.71;65.71;78.71;78.85;#DIV/0!;#N/A
Sun, 30-Nov-14;1,358;161;31;38;0;2,470;23;0;548;2,628;2,080;1.00;1.26;52%;57%;-801.00;72.86;78.71;78.85;78.85;78.85
Mon, 1-Dec-14;1,854;185;68;63;0;2,433;14;7;414;2,494;2,080;1.00;1.20;74%;62%;-880.29;67.14;78.81;78.85;#DIV/0!;#N/A
Tue, 2-Dec-14;2,292;137;61;97;65;2,873;10;17;374;2,455;2,081;1.00;1.18;93%;73%;-933.00;67.14;78.87;78.85;#DIV/0!;#N/A
Wed, 3-Dec-14;2,099;83;62;56;0;1,550;14;14;458;2,488;2,030;1.00;1.23;84%;84%;-985.71;77.14;78.85;78.85;#DIV/0!;#N/A
Thu, 4-Dec-14;2,197;123;68;88;65;2,209;12;14;336;2,447;2,111;1.00;1.16;90%;89%;-791.00;91.43;78.85;78.85;#DIV/0!;#N/A
Fri, 5-Dec-14;2,326;120;79;77;50;2,150;26;19;401;2,481;2,080;1.00;1.19;94%;89%;-688.71;94.29;78.85;78.85;#DIV/0!;#N/A
Sat, 6-Dec-14;2,380;181;70;68;0;2,145;53;22;956;3,037;2,081;1.00;1.46;78%;87%;-561.43;111.43;78.85;78.85;78.20;78.20
Sun, 7-Dec-14;2,637;266;56;69;0;2,736;55;34;702;2,776;2,074;1.00;1.34;95%;89%;-503.43;132.86;78.85;78.20;#DIV/0!;#N/A
Mon, 8-Dec-14;2,828;211;90;79;35;2,304;49;21;359;2,433;2,074;1.00;1.17;116%;95%;-341.86;181.43;78.76;78.20;#DIV/0!;#N/A
Tue, 9-Dec-14;2,902;225;76;97;65;2,682;13;15;222;2,295;2,073;1.00;1.11;126%;112%;-194.00;201.43;78.66;78.20;#DIV/0!;#N/A
Wed, 10-Dec-14;2,803;201;98;81;0;2,489;16;14;204;2,277;2,073;1.00;1.10;123%;122%;-84.00;198.57;78.57;78.20;#DIV/0!;#N/A
Thu, 11-Dec-14;2,392;166;87;58;0;1,514;16;12;706;2,776;2,070;1.00;1.34;86%;110%;46.71;198.57;78.48;78.20;#DIV/0!;#N/A
Fri, 12-Dec-14;2,289;187;52;50;74;1,797;11;2;349;2,419;2,070;1.00;1.17;95%;100%;27.57;195.71;78.39;78.20;77.40;77.40
Sat, 13-Dec-14;3,027;127;48;122;307;2,426;20;9;666;2,728;2,062;1.00;1.32;111%;97%;31.14;171.43;78.29;76.75;76.75;76.75
Sun, 14-Dec-14;2,693;207;37;59;59;2,475;16;10;244;2,313;2,069;1.00;1.12;116%;107%;167.71;152.86;77.99;76.75;76.75;76.75
Mon, 15-Dec-14;2,925;265;58;62;16;1,958;23;11;1219;3,293;2,074;1.00;1.59;89%;104%;241.86;118.57;77.79;76.50;76.50;76.50
Tue, 16-Dec-14;3,543;288;35;80;117;3,444;21;14;743;2,817;2,074;1.00;1.36;126%;109%;132.86;104.29;77.54;76.50;#DIV/0!;#N/A
Wed, 17-Dec-14;2,563;92;35;59;97;1,663;10;7;833;2,907;2,074;1.00;1.40;88%;100%;149.86;102.86;77.30;76.80;76.80;76.80
Thu, 18-Dec-14;3,113;284;26;62;57;2,419;40;27;731;2,805;2,074;1.00;1.35;111%;108%;25.57;92.86;77.10;76.80;76.95;76.95
Fri, 19-Dec-14;2,449;207;39;70;137;2,237;13;14;931;3,007;2,076;1.00;1.45;81%;93%;124.43;114.29;76.90;77.70;77.70;77.70
Sat, 20-Dec-14;3,447;219;35;75;194;2,747;6;7;719;2,794;2,075;1.00;1.35;123%;105%;63.29;131.43;76.83;77.70;#DIV/0!;#N/A
Sun, 21-Dec-14;3,202;175;54;91;212;2,299;9;12;873;2,949;2,076;1.00;1.42;109%;104%;113.86;128.57;76.96;76.55;76.63;76.63
Mon, 22-Dec-14;4,110;269;55;82;161;2,558;31;14;936;3,013;2,077;1.00;1.45;136%;123%;95.71;131.43;76.94;76.55;#DIV/0!;#N/A
Tue, 23-Dec-14;3,107;159;29;60;141;555;12;15;567;2,642;2,075;1.00;1.27;118%;121%;305.00;135.71;76.94;77.05;77.05;77.05
Wed, 24-Dec-14;4,185;291;53;85;206;1,211;20;7;911;2,988;2,077;1.00;1.44;140%;132%;267.71;137.14;77.02;76.65;76.65;76.65
Thu, 25-Dec-14;3,706;247;49;79;280;2,039;10;8;555;2,628;2,073;1.00;1.27;141%;133%;487.86;137.14;77.00;76.45;76.45;76.45
Fri, 26-Dec-14;2,861;174;35;49;156;2,459;15;13;495;2,570;2,075;1.00;1.24;111%;131%;597.86;110.00;76.95;76.45;#DIV/0!;#N/A
Sat, 27-Dec-14;3,297;261;49;57;69;1,581;16;10;543;2,616;2,073;1.00;1.26;126%;126%;719.14;108.57;76.77;77.65;77.65;77.65
Sun, 28-Dec-14;3,084;247;54;70;127;3,143;8;6;703;2,765;2,062;1.00;1.34;112%;116%;723.14;112.86;76.76;75.90;75.90;75.90
Mon, 29-Dec-14;2,654;214;18;78;96;1,795;12;7;671;2,729;2,058;1.00;1.33;97%;111%;732.57;104.29;76.67;76.40;76.40;76.40
Tue, 30-Dec-14;3,472;319;36;54;44;2,775;38;7;871;2,927;2,056;1.00;1.42;119%;109%;565.14;94.29;76.65;76.20;76.20;76.20
Wed, 31-Dec-14;3,367;240;71;99;16;2,142;22;9;1,037;3,093;2,056;1.00;1.50;109%;109%;576.57;82.86;76.53;76.80;76.80;76.80
Thu, 1-Jan-15;2,806;205;22;42;9;1,669;14;11;509;2,565;2,056;1.00;1.25;109%;112%;444.71;85.71;76.55;77.35;77.25;77.25
Fri, 2-Jan-15;3,971;497;50;83;66;2,363;18;40;721;2,776;2,055;1.00;1.35;143%;120%;325.14;90.00;76.68;76.85;76.85;76.85
Sat, 3-Jan-15;3,136;218;46;86;471;1,959;18;4;717;2,947;2,230;1.00;1.32;106%;120%;454.29;128.57;76.74;77.30;77.30;77.30
Sun, 4-Jan-15;2,925;194;55;75;199;2,393;8;2;903;2,961;2,058;1.00;1.44;99%;116%;384.00;120.00;76.69;76.60;76.60;76.60
Mon, 5-Jan-15;2,733;143;42;60;123;1,330;9;10;947;3,001;2,054;1.00;1.46;91%;99%;333.29;114.29;76.79;76.20;76.20;76.20
Tue, 6-Jan-15;2,471;76;46;50;253;2,734;6;5;685;2,740;2,055;1.00;1.33;90%;93%;305.71;118.57;76.76;76.05;76.05;76.05
Wed, 7-Jan-15;3,428;215;56;93;244;1,740;21;6;646;2,701;2,055;1.00;1.31;127%;102%;189.43;115.71;76.74;76.55;76.55;76.55
Thu, 8-Jan-15;2,882;213;52;85;232;2,363;10;5;632;2,687;2,055;1.00;1.31;107%;108%;254.14;111.43;76.70;76.45;76.45;76.45
Fri, 9-Jan-15;2,738;182;50;66;31;1,974;9;7;639;2,694;2,055;1.00;1.31;102%;112%;247.57;102.86;76.57;76.95;76.95;76.95
Sat, 10-Jan-15;3,421;122;54;78;139;1,439;12;17;671;2,719;2,048;1.00;1.33;126%;112%;83.14;55.71;76.59;75.65;75.65;75.65
Sun, 11-Jan-15;2,593;95;31;51;215;2,673;6;20;476;2,524;2,048;1.00;1.23;103%;110%;156.43;74.29;76.35;75.65;76.00;76.00
Mon, 12-Jan-15;1,303;135;32;48;114;1,370;8;7;801;2,854;2,053;1.00;1.39;46%;90%;171.43;100.00;76.21;76.05;76.05;76.05
Tue, 13-Jan-15;2,283;198;72;72;86;2,892;43;14;580;2,633;2,053;1.00;1.28;87%;77%;-11.86;95.71;76.19;76.05;#DIV/0!;#N/A
Wed, 14-Jan-15;1,974;175;80;71;80;2,229;13;10;405;2,458;2,053;1.00;1.20;80%;70%;-23.43;108.57;76.19;76.05;#DIV/0!;#N/A
Thu, 15-Jan-15;2,359;155;72;93;83;2,548;27;10;348;2,400;2,052;1.00;1.17;98%;88%;-196.43;114.29;76.12;76.05;#DIV/0!;#N/A
Fri, 16-Jan-15;2,850;167;75;107;143;3,979;16;10;227;2,280;2,053;1.00;1.11;125%;101%;-230.14;121.43;76.06;76.05;#DIV/0!;#N/A
Sat, 17-Jan-15;2,493;192;61;86;0;4,363;19;15;821;2,873;2,052;1.00;1.40;87%;102%;-155.00;125.71;75.94;78.60;78.60;78.60
Sun, 18-Jan-15;2,581;168;55;69;0;2,660;15;17;510;2,563;2,053;1.00;1.25;101%;103%;-309.57;122.86;76.36;78.60;79.20;79.20
Mon, 19-Jan-15;2,530;162;56;78;84;2,679;20;12;219;2,272;2,053;1.00;1.11;111%;99%;-316.86;118.57;76.78;79.20;77.00;77.00
Tue, 20-Jan-15;2,451;178;64;79;32;2,590;26;12;359;2,412;2,053;1.00;1.17;102%;104%;-58.43;125.71;77.23;77.00;#DIV/0!;#N/A
Wed, 21-Jan-15;2,653;190;54;96;97;2,719;31;9;490;2,543;2,053;1.00;1.24;104%;106%;-2.86;122.86;77.36;77.00;#DIV/0!;#N/A
Thu, 22-Jan-15;2,854;218;49;85;97;2,703;37;12;504;2,557;2,053;1.00;1.25;112%;106%;82.00;121.43;77.50;77.00;#DIV/0!;#N/A
Fri, 23-Jan-15;2,158;196;29;60;24;2,174;43;17;561;2,613;2,052;1.00;1.27;83%;99%;130.29;124.29;77.64;77.00;#DIV/0!;#N/A
Sat, 24-Jan-15;3,397;249;46;61;0;3,261;25;21;508;2,561;2,053;1.00;1.25;133%;109%;-16.14;134.29;77.77;77.00;77.00;77.00
Sun, 25-Jan-15;2,901;248;70;79;0;2,601;15;20;784;2,837;2,053;1.00;1.38;102%;106%;157.57;142.86;77.54;77.00;#DIV/0!;#N/A
Mon, 26-Jan-15;2,533;198;53;48;24;1,706;24;12;586;2,639;2,053;1.00;1.29;96%;110%;164.14;147.14;77.31;77.00;#DIV/0!;#N/A
Tue, 27-Jan-15;2,715;237;44;88;89;2,660;22;11;330;2,383;2,053;1.00;1.16;114%;104%;112.14;147.14;77.00;77.00;#DIV/0!;#N/A
Wed, 28-Jan-15;3,138;275;66;72;108;2,518;27;18;521;2,574;2,053;1.00;1.25;122%;110%;154.00;145.71;77.00;77.00;#DIV/0!;#N/A
Thu, 29-Jan-15;3,010;254;68;71;92;2,234;23;18;549;2,602;2,053;1.00;1.27;116%;117%;218.86;158.57;77.00;77.00;#DIV/0!;#N/A
Fri, 30-Jan-15;2,973;271;66;84;8;1,817;27;18;528;2,593;2,065;1.00;1.26;115%;117%;234.71;167.14;77.00;77.00;#DIV/0!;#N/A
Sat, 31-Jan-15;2,894;195;64;58;16;1,870;30;24;634;2,661;2,027;1.00;1.31;109%;113%;354.00;168.57;77.00;78.00;78.00;78.00
Sun, 1-Feb-15;2,253;160;42;53;0;1,846;23;19;780;2,845;2,065;1.00;1.38;79%;100%;267.86;172.86;77.14;78.00;77.00;77.00
Mon, 2-Feb-15;2,794;201;69;75;92;2,096;20;16;421;2,846;2,425;1.00;1.17;98%;95%;174.14;171.43;77.29;77.00;#DIV/0!;#N/A
Tue, 3-Feb-15;2,862;193;71;70;68;2,488;27;19;301;2,366;2,065;1.00;1.15;121%;98%;181.86;177.14;77.29;77.00;#DIV/0!;#N/A
Wed, 4-Feb-15;2,539;182;67;77;16;2,305;29;17;649;2,711;2,062;1.00;1.31;94%;103%;205.29;188.57;77.29;77.00;#DIV/0!;#N/A
Thu, 5-Feb-15;2,166;150;38;68;73;2,056;21;7;722;2,787;2,065;1.00;1.35;78%;96%;100.14;187.14;77.29;77.00;#DIV/0!;#N/A
Fri, 6-Feb-15;2,812;212;47;44;19;1,313;28;7;831;2,896;2,065;1.00;1.40;97%;90%;-46.86;171.43;77.29;77.00;#DIV/0!;#N/A
Sat, 7-Feb-15;3,028;177;68;91;330;1,885;43;8;800;2,865;2,065;1.00;1.39;106%;94%;-113.14;155.71;77.29;77.00;77.90;77.90
Sun, 8-Feb-15;3,030;220;67;101;280;1,768;39;6;1169;3,234;2,065;1.00;1.57;94%;99%;-123.14;132.86;77.14;77.90;#DIV/0!;#N/A
Mon, 9-Feb-15;3,159;127;58;79;388;378;9;9;805;2,882;2,077;1.00;1.39;110%;103%;-67.71;114.29;77.13;77.90;#DIV/0!;#N/A
Tue, 10-Feb-15;2,906;149;54;72;51;3,712;14;9;846;2,923;2,077;1.00;1.41;99%;101%;-20.71;104.29;77.26;77.90;#DIV/0!;#N/A
Wed, 11-Feb-15;3,165;150;45;69;96;2,888;19;9;1,310;3,387;2,077;1.00;1.63;93%;100%;-94.00;90.00;77.39;77.90;80.70;80.70
Thu, 12-Feb-15;2,826;60;59;59;16;1,002;7;2;1,085;3,168;2,083;1.00;1.52;89%;94%;-101.14;78.57;77.51;78.45;78.45;78.45
Fri, 13-Feb-15;2,510;175;43;64;87;1,724;12;6;1,013;3,078;2,065;1.00;1.49;82%;88%;-61.29;71.43;77.72;76.95;76.95;76.95
Sat, 14-Feb-15;3,149;305;52;56;16;1,642;19;6;757;2,822;2,065;1.00;1.37;112%;94%;-130.43;70.00;77.71;77.80;77.80;77.80
Sun, 15-Feb-15;2,949;229;42;69;97;1,673;7;2;745;2,810;2,065;1.00;1.36;105%;99%;-107.00;67.14;77.83;77.75;77.75;77.75
Mon, 16-Feb-15;2,700;228;39;57;16;1,752;7;8;708;2,773;2,065;1.00;1.34;97%;105%;-58.00;61.43;77.81;77.75;#DIV/0!;#N/A
Tue, 17-Feb-15;3,251;204;72;144;259;2,916;18;6;840;2,905;2,065;1.00;1.41;112%;105%;-108.00;60.00;77.79;76.95;76.95;76.95
Wed, 18-Feb-15;2,398;195;38;71;169;1,883;7;5;951;3,016;2,065;1.00;1.46;80%;96%;-56.14;55.71;77.65;76.95;#DIV/0!;#N/A
Thu, 19-Feb-15;2,842;212;51;84;180;2,708;11;5;990;3,053;2,063;1.00;1.48;93%;95%;-112.71;50.00;77.51;76.80;76.80;76.80
Fri, 20-Feb-15;3,002;217;56;106;264;2,370;10;6;731;2,874;2,143;1.00;1.34;104%;92%;-94.00;54.29;77.28;76.80;#DIV/0!;#N/A
Sat, 21-Feb-15;2,519;240;35;56;144;4,898;7;9;823;2,886;2,063;1.00;1.40;87%;95%;5.43;54.29;77.26;77.85;77.85;77.85
Sun, 22-Feb-15;3,163;342;66;78;16;2,986;16;11;750;2,805;2,055;1.00;1.36;113%;101%;-93.71;58.57;77.26;76.20;76.20;76.20
Mon, 23-Feb-15;3,065;188;50;137;372;2,331;11;4;701;2,756;2,055;1.00;1.34;111%;104%;-62.43;71.43;77.04;76.85;76.85;76.85
Tue, 24-Feb-15;2,662;181;58;90;361;2,034;4;3;1,160;3,215;2,055;1.00;1.56;83%;101%;-7.86;65.71;76.91;77.50;77.50;77.50
Wed, 25-Feb-15;2,995;236;38;96;144;2,103;58;7;768;2,823;2,055;1.00;1.37;106%;99%;-136.29;61.43;76.99;76.85;76.85;76.85
Thu, 26-Feb-15;1,342;149;40;60;348;2,047;22;14;677;2,732;2,055;1.00;1.33;49%;80%;-23.43;64.29;76.98;76.85;#DIV/0!;#N/A
Fri, 27-Feb-15;3,257;232;114;98;100;2,832;46;17;802;2,857;2,055;1.00;1.39;114%;90%;-191.86;77.14;76.99;76.85;#DIV/0!;#N/A
Sat, 28-Feb-15;2,040;146;43;51;0;2,161;20;14;622;2,677;2,055;1.00;1.30;76%;80%;-153.00;92.86;76.99;78.00;78.00;78.00
Sun, 1-Mar-15;1,903;139;37;44;0;1,564;25;16;728;2,783;2,055;1.00;1.35;68%;87%;-191.57;100.00;77.01;78.00;#DIV/0!;#N/A
Mon, 2-Mar-15;2,876;177;80;67;0;2,011;28;13;536;2,591;2,055;1.00;1.26;111%;85%;-368.43;107.14;77.27;78.00;#DIV/0!;#N/A
Tue, 3-Mar-15;2,411;177;69;79;0;2,746;26;11;628;2,683;2,055;1.00;1.31;90%;89%;-371.86;120.00;77.44;78.00;#DIV/0!;#N/A
Wed, 4-Mar-15;2,914;225;69;96;65;3,421;35;19;619;2,674;2,055;1.00;1.30;109%;103%;-331.71;131.43;77.51;78.00;#DIV/0!;#N/A
Thu, 5-Mar-15;2,271;151;41;57;0;1,666;17;4;651;2,706;2,055;1.00;1.32;84%;94%;-322.00;148.57;77.67;78.00;#DIV/0!;#N/A
Fri, 6-Mar-15;2,752;211;68;69;2;2,269;19;13;635;2,690;2,055;1.00;1.31;102%;98%;-185.57;134.29;77.84;78.00;#DIV/0!;#N/A
Sat, 7-Mar-15;2,915;210;86;62;0;2,935;38;22;979;3,032;2,053;1.00;1.48;96%;94%;-233.86;128.57;78.00;76.00;76.00;76.00
Sun, 8-Mar-15;2,930;262;56;54;0;2,821;28;28;750;2,803;2,053;1.00;1.37;105%;101%;-159.57;140.00;77.71;76.00;#DIV/0!;#N/A
Mon, 9-Mar-15;2,452;229;41;62;92;1,827;33;11;508;2,561;2,053;1.00;1.25;96%;99%;-15.71;157.14;77.43;76.00;#DIV/0!;#N/A
Tue, 10-Mar-15;2,956;283;71;54;25;3,615;20;22;523;2576;2,053;1.00;1.25;115%;105%;-72.00;154.29;77.14;76.00;#DIV/0!;#N/A
Wed, 11-Mar-15;2,418;185;51;71;0;1,945;18;29;682;2,735;2,053;1.00;1.33;88%;99%;21.14;170.00;76.86;76.00;#DIV/0!;#N/A
Thu, 12-Mar-15;2,240;155;47;71;0;2,272;10;20;761;2,814;2,053;1.00;1.37;80%;94%;-58.43;184.29;76.57;76.00;#DIV/0!;#N/A
Fri, 13-Mar-15;3,300;221;68;89;92;2,756;14;24;709;2,762;2,053;1.00;1.35;119%;96%;-78.29;207.14;76.29;76.00;#DIV/0!;#N/A
Sat, 14-Mar-15;2,622;178;46;60;0;2,160;16;30;1,118;3,173;2,055;1.00;1.54;83%;93%;-10.29;222.86;76.00;76.00;76.00;76.00
Sun, 15-Mar-15;2,495;184;34;78;0;1,934;16;18;714;2,768;2,054;1.00;1.35;90%;97%;-72.29;234.29;76.00;76.00;#DIV/0!;#N/A
Mon, 16-Mar-15;2,663;161;84;87;0;2,624;9;30;737;2,792;2,055;1.00;1.36;95%;89%;-129.43;220.00;76.00;76.00;#DIV/0!;#N/A
Tue, 17-Mar-15;2,895;184;74;84;0;3,504;17;28;694;2,749;2,055;1.00;1.34;105%;97%;-132.29;247.14;76.00;76.00;#DIV/0!;#N/A
Wed, 18-Mar-15;2,617;208;62;68;92;2,521;33;24;697;2,752;2,055;1.00;1.34;95%;99%;-165.71;255.71;76.00;76.00;#DIV/0!;#N/A
Thu, 19-Mar-15;2,584;135;76;79;0;2,783;12;10;473;2,528;2,055;1.00;1.23;102%;101%;-139.71;248.57;76.00;76.00;#DIV/0!;#N/A
Fri, 20-Mar-15;2,998;188;61;81;0;1,962;8;11;795;2,850;2,055;1.00;1.39;105%;101%;-49.71;234.29;76.00;76.00;#DIV/0!;#N/A
Sat, 21-Mar-15;2,947;220;79;78;53;1,754;33;16;919;2,974;2,055;1.00;1.45;99%;102%;-105.43;215.71;76.00;76.00;#DIV/0!;#N/A
Sun, 22-Mar-15;3,299;177;75;95;396;2,697;20;14;917;2,972;2,055;1.00;1.45;111%;105%;-30.57;195.71;76.00;76.95;76.95;76.95
Mon, 23-Mar-15;3,086;207;69;98;158;2,976;16;4;862;2,925;2,063;1.00;1.42;106%;105%;55.14;190.00;76.14;76.95;#DIV/0!;#N/A
Tue, 24-Mar-15;2,963;360;44;99;66;2,381;14;45;1,087;3,150;2,063;1.00;1.53;94%;103%;96.57;152.86;76.27;76.95;#DIV/0!;#N/A
Wed, 25-Mar-15;2,798;192;59;87;176;2,054;11;6;876;2,936;2,060;1.00;1.43;95%;98%;49.00;177.14;76.41;76.95;#DIV/0!;#N/A
Thu, 26-Mar-15;3,633;252;68;82;587;2,836;21;13;1,109;3,172;2,063;1.00;1.54;115%;101%;48.57;151.43;76.54;76.95;#DIV/0!;#N/A
Fri, 27-Mar-15;2,932;250;50;59;66;3,285;7;4;933;2,996;2,063;1.00;1.45;98%;103%;106.43;155.71;76.68;78.10;78.10;78.10
Sat, 28-Mar-15;2,511;179;51;133;294;2,853;31;12;754;2,817;2,063;1.00;1.37;89%;101%;76.14;145.71;76.98;77.10;77.10;77.10
Sun, 29-Mar-15;2,330;204;97;81;457;3,602;59;32;760;2,823;2,063;1.00;1.37;83%;90%;36.29;140.00;77.14;77.10;#DIV/0!;#N/A
Mon, 30-Mar-15;3,037;278;129;149;344;3,578;23;33;640;2,703;2,063;1.00;1.31;112%;94%;-80.86;165.71;77.16;77.10;#DIV/0!;#N/A
Tue, 31-Mar-15;1,931;231;49;43;83;1,709;95;14;309;2,732;2,423;1.00;1.13;71%;88%;-56.14;207.14;77.18;77.10;#DIV/0!;#N/A
Wed, 1-Apr-15;1,724;138;81;69;100;2,687;23;19;270;2,333;2,063;1.00;1.13;74%;86%;-143.86;162.86;77.20;77.10;#DIV/0!;#N/A
Thu, 2-Apr-15;1,578;76;37;45;41;911;4;11;510;2,573;2,063;1.00;1.25;61%;69%;-211.14;181.43;77.22;77.10;#DIV/0!;#N/A
Fri, 3-Apr-15;2,917;221;35;55;482;1,485;27;8;519;2,582;2,063;1.00;1.25;113%;83%;-419.14;178.57;77.24;77.10;#DIV/0!;#N/A
Sat, 4-Apr-15;2,074;138;23;44;16;2,624;20;6;742;2,833;2,091;1.00;1.35;73%;82%;-362.14;184.29;77.10;77.10;79.05;79.05
Sun, 5-Apr-15;3,370;273;54;95;131;3,848;30;11;1,183;3,259;2,076;1.00;1.57;103%;96%;-426.86;175.71;77.10;77.85;77.85;77.85
Mon, 6-Apr-15;3,079;186;34;89;473;1,383;19;0;716;2,792;2,076;1.00;1.34;110%;96%;-340.57;145.71;77.21;77.70;77.70;77.70
Tue, 7-Apr-15;3,314;337;69;61;16;2,064;22;8;1,130;3,206;2,076;1.00;1.54;103%;105%;-347.29;98.57;77.29;77.70;#DIV/0!;#N/A
Wed, 8-Apr-15;3,563;389;106;122;139;2,987;7;35;525;2,601;2,076;1.00;1.25;137%;116%;-217.43;90.00;77.38;77.70;#DIV/0!;#N/A
Thu, 9-Apr-15;2,631;162;44;78;195;2,516;32;7;408;2,484;2,076;1.00;1.20;106%;115%;7.00;112.86;77.46;77.30;77.30;77.30
Fri, 10-Apr-15;2,603;187;49;60;423;2,753;13;14;793;2,869;2,076;1.00;1.38;91%;111%;170.14;107.14;77.49;77.85;77.85;77.85
Sat, 11-Apr-15;2,808;187;36;39;124;1,147;9;6;696;2,772;2,076;1.00;1.34;101%;99%;84.29;115.71;77.60;77.85;#DIV/0!;#N/A
Sun, 12-Apr-15;3,207;250;60;83;139;1,732;12;12;720;2,780;2,060;1.00;1.35;115%;102%;197.86;115.71;77.71;76.60;76.60;76.60
Mon, 13-Apr-15;3,207;250;60;83;139;1,732;12;12;720;2,819;2,099;1.00;1.34;114%;110%;243.00;117.14;77.53;76.60;#DIV/0!;#N/A
Tue, 14-Apr-15;2,754;261;84;70;8;1,139;4;4;759;2,853;2,094;1.00;1.36;97%;108%;257.43;134.29;77.37;77.45;77.45;77.45
Wed, 15-Apr-15;2,732;245;25;58;126;2,104;11;5;793;2,969;2,176;1.00;1.36;92%;101%;227.86;128.57;77.34;77.45;#DIV/0!;#N/A
Thu, 16-Apr-15;2,406;222;29;46;56;1,559;21;11;909;3,059;2,150;1.00;1.42;79%;89%;56.57;85.71;77.30;77.05;77.05;77.05
Fri, 17-Apr-15;2,829;130;34;63;69;2,719;8;4;993;2,946;1,953;1.00;1.51;96%;89%;-57.71;91.43;77.26;77.30;77.30;77.30
Sat, 18-Apr-15;2,604;209;32;67;317;2,757;7;3;880;3,255;2,375;1.00;1.37;80%;85%;-36.43;77.14;77.19;77.85;77.85;77.85
Sun, 19-Apr-15;3,061;267;57;68;266;2,379;13;13;654;2,720;2,066;1.00;1.32;113%;95%;-134.57;72.86;77.19;78.25;78.25;78.25
Mon, 20-Apr-15;2,789;239;74;73;149;3,096;10;6;761;2,827;2,066;1.00;1.37;99%;96%;-146.86;74.29;77.42;78.25;#DIV/0!;#N/A
Tue, 21-Apr-15;2,922;277;75;92;153;2,247;9;7;801;2,867;2,066;1.00;1.39;102%;104%;-207.71;65.71;77.66;78.25;#DIV/0!;#N/A
Wed, 22-Apr-15;2,365;288;23;90;391;2,204;9;24;634;2,700;2,066;1.00;1.31;88%;96%;-185.71;70.00;77.77;78.30;78.30;78.30
Thu, 23-Apr-15;2,529;346;34;55;85;2,931;13;17;1,049;3,115;2,066;1.00;1.51;81%;90%;-199.71;97.14;77.89;78.30;#DIV/0!;#N/A
Fri, 24-Apr-15;2,585;285;44;72;131;3,542;7;9;679;2,745;2,066;1.00;1.33;94%;87%;-190.14;105.71;78.07;78.30;#DIV/0!;#N/A
Sat, 25-Apr-15;2,797;568;33;77;8;2,262;11;47;816;2,879;2,063;1.00;1.40;97%;91%;-196.29;112.86;78.21;76.85;76.85;76.85
Sun, 26-Apr-15;2,840;168;51;51;423;2,282;13;7;1,237;3,300;2,063;1.00;1.60;86%;92%;-115.00;175.71;78.07;77.75;77.75;77.75
Mon, 27-Apr-15;2,992;119;51;38;16;2,742;11;4;727;2,790;2,063;1.00;1.35;107%;96%;-229.43;167.14;78.00;77.75;#DIV/0!;#N/A
Tue, 28-Apr-15;2,518;158;19;70;198;1,865;8;18;715;2,778;2,063;1.00;1.35;91%;94%;-195.14;164.29;77.93;77.75;#DIV/0!;#N/A
Wed, 29-Apr-15;3,131;145;62;91;65;1,641;11;7;834;2,897;2,063;1.00;1.40;108%;102%;-240.14;180.00;77.86;77.75;#DIV/0!;#N/A
Thu, 30-Apr-15;3,042;140;69;76;730;2,575;12;5;912;2,973;2,061;1.00;1.44;102%;100%;-158.86;155.71;77.78;77.75;#DIV/0!;#N/A
Fri, 1-May-15;2,021;114;28;28;16;3,570;8;0;1,055;3,118;2,063;1.00;1.51;65%;91%;-65.29;138.57;77.70;77.75;#DIV/0!;#N/A
Sat, 2-May-15;2,593;191;82;76;160;2,351;13;7;1,067;3,145;2,078;1.00;1.51;82%;83%;-199.14;125.71;77.62;78.05;78.20;78.20
Sun, 3-May-15;2,843;137;19;78;338;2,244;12;6;779;2,850;2,071;1.00;1.38;100%;82%;-266.29;68.57;77.79;77.45;77.45;77.45
Mon, 4-May-15;2,981;113;71;71;16;1,408;9;4;1,131;3,202;2,071;1.00;1.55;93%;92%;-201.57;67.14;77.75;78.05;78.05;78.05
Tue, 5-May-15;3,266;138;69;61;292;2,935;9;5;1,112;3,183;2,071;1.00;1.54;103%;98%;-262.00;67.14;77.79;78.05;#DIV/0!;#N/A
Wed, 6-May-15;2582;187;41;80;117;2,797;12;4;921;2,992;2,071;1.00;1.44;86%;94%;-213.00;48.57;77.84;78.05;#DIV/0!;#N/A
Thu, 7-May-15;2,359;135;44;55;387;2,737;12;9;932;3,003;2,071;1.00;1.45;79%;89%;-305.00;44.29;77.88;78.05;#DIV/0!;#N/A
Fri, 8-May-15;3,011;187;50;55;437;2,154;7;5;1,071;3,142;2,071;1.00;1.52;96%;87%;-406.86;50.00;77.92;78.05;#DIV/0!;#N/A
Sat, 9-May-15;2,489;150;35;80;198;2,042;9;3;679;2,741;2,062;1.00;1.33;91%;88%;-268.86;57.14;77.96;76.75;76.75;76.75
Sun, 10-May-15;2,700;226;33;37;16;957;27;8;1,081;3,143;2,062;1.00;1.52;86%;91%;-226.00;51.43;77.78;76.75;#DIV/0!;#N/A
Mon, 11-May-15;2,814;206;19;47;23;659;7;19;868;2,930;2,062;1.00;1.42;96%;91%;-288.29;54.29;77.68;76.75;#DIV/0!;#N/A
Tue, 12-May-15;2,628;180;42;52;38;2,116;7;8;802;2,864;2,062;1.00;1.39;92%;91%;-273.29;75.71;77.49;77.10;77.10;77.10
Wed, 13-May-15;2,819;385;56;73;8;2,224;15;61;825;2,887;2,062;1.00;1.40;98%;95%;-318.86;80.00;77.36;77.10;#DIV/0!;#N/A
Thu, 14-May-15;2,938;230;52;67;16;2,340;20;12;1,351;3,413;2,062;1.00;1.66;86%;91%;-270.00;161.43;77.22;78.40;78.40;78.40
Fri, 15-May-15;3,051;219;48;72;65;3,595;11;8;1,084;3,146;2,062;1.00;1.53;97%;93%;-245.86;165.71;77.27;78.40;#DIV/0!;#N/A
Sat, 16-May-15;3,771;217;57;91;886;3,005;12;7;944;3,011;2,067;1.00;1.46;125%;102%;-240.71;170.00;77.32;77.15;77.15;77.15
Sun, 17-May-15;3,092;198;49;66;0;5,559;3;2;961;3,027;2,066;1.00;1.47;102%;108%;-96.14;175.71;77.38;77.15;#DIV/0!;#N/A
Mon, 18-May-15;2,722;135;45;86;96;2,155;11;6;877;2,944;2,067;1.00;1.42;92%;107%;-23.57;167.14;77.44;77.15;#DIV/0!;#N/A
Tue, 19-May-15;3,283;220;40;83;125;3,596;18;5;726;2,793;2,067;1.00;1.35;118%;104%;-38.71;148.57;77.49;77.15;#DIV/0!;#N/A
Wed, 20-May-15;3,333;129;61;84;875;3,045;14;7;964;3,020;2,056;1.00;1.47;110%;107%;65.00;144.29;77.50;76.25;76.25;76.25
Thu, 21-May-15;3,100;261;45;62;16;1,936;19;6;1,204;3,260;2,056;1.00;1.59;95%;107%;119.43;67.14;77.38;76.25;#DIV/0!;#N/A
Fri, 22-May-15;3,354;337;27;57;31;869;13;20;840;2,896;2,056;1.00;1.41;116%;107%;164.43;58.57;77.07;76.25;#DIV/0!;#N/A
Sat, 23-May-15;2,704;267;52;98;388;2,677;12;7;756;2,812;2,056;1.00;1.37;96%;102%;243.43;75.71;76.76;76.25;#DIV/0!;#N/A
Sun, 24-May-15;2,778;190;49;32;19;751;4;3;933;2,996;2,063;1.00;1.45;93%;102%;119.43;75.71;76.64;76.25;76.25;76.25
Mon, 25-May-15;2,603;252;29;64;127;3,646;14;4;1,022;3,085;2,063;1.00;1.50;84%;91%;79.00;77.14;76.51;76.25;#DIV/0!;#N/A
Tue, 26-May-15;3,068;264;64;70;46;2,749;11;13;936;2,999;2,063;1.00;1.45;102%;93%;41.86;74.29;76.38;76.10;76.10;76.10
Wed, 27-May-15;2,911;241;35;81;149;2,303;11;7;903;2,964;2,061;1.00;1.44;98%;95%;-18.29;85.71;76.23;77.35;77.35;77.35
Thu, 28-May-15;3,482;289;37;93;163;2,221;23;12;1,032;3,095;2,063;1.00;1.50;113%;104%;-70.57;85.71;76.39;77.15;77.15;77.15
Fri, 29-May-15;2,985;294;42;63;16;2,868;10;11;1,020;3,083;2,063;1.00;1.49;97%;103%;7.57;94.29;76.51;77.15;#DIV/0!;#N/A
Sat, 30-May-15;2,963;293;30;28;16;1,315;12;6;1,205;3,268;2,063;1.00;1.58;91%;100%;-71.86;81.43;76.64;76.80;76.80;76.80
Sun, 31-May-15;3,997;317;75;77;117;2,066;16;12;1,262;3,325;2,063;1.00;1.61;120%;103%;-100.00;80.00;76.72;76.85;76.85;76.85
Mon, 1-Jun-15;1,775;137;54;105;575;2,953;23;13;647;2,710;2,063;1.00;1.31;65%;94%;27.14;92.86;76.81;76.85;#DIV/0!;#N/A
Tue, 2-Jun-15;1,990;151;45;69;88;4,357;15;24;1,084;3,147;2,063;1.00;1.53;63%;85%;-37.57;105.71;76.89;76.85;#DIV/0!;#N/A
Wed, 3-Jun-15;1,877;136;71;55;68;2,353;7;17;580;2,643;2,063;1.00;1.28;71%;66%;-212.71;121.43;77.00;76.85;#DIV/0!;#N/A
Thu, 4-Jun-15;774;100;27;40;66;1,827;14;13;64;2,127;2,063;1.00;1.03;36%;59%;-314.57;135.71;76.93;76.85;#DIV/0!;#N/A
Fri, 5-Jun-15;2,503;248;81;111;112;2,550;36;39;406;2,469;2,063;1.00;1.20;101%;71%;-563.14;137.14;76.89;76.85;#DIV/0!;#N/A
Sat, 6-Jun-15;1,046;125;36;43;200;1,439;24;12;708;2,752;2,044;1.00;1.35;38%;59%;-544.29;177.14;76.84;76.85;#DIV/0!;#N/A
Sun, 7-Jun-15;2,328;137;61;180;699;2,053;25;16;532;2,594;2,062;1.00;1.26;90%;75%;-744.43;185.71;76.85;76.85;#DIV/0!;#N/A
Mon, 8-Jun-15;2,126;136;86;113;702;3,228;21;17;409;2,472;2,063;1.00;1.20;86%;70%;-878.43;191.43;76.85;76.85;#DIV/0!;#N/A
Tue, 9-Jun-15;2,236;123;87;112;273;3,273;15;13;529;2,592;2,063;1.00;1.26;86%;87%;-794.29;197.14;76.85;76.85;#DIV/0!;#N/A
Wed, 10-Jun-15;1,078;110;50;50;97;2,173;9;10;442;2,505;2,063;1.00;1.21;43%;72%;-679.86;181.43;76.85;76.85;#DIV/0!;#N/A
Thu, 11-Jun-15;1,328;134;57;60;102;4,734;13;17;541;2,604;2,063;1.00;1.26;51%;60%;-774.29;171.43;76.85;76.85;#DIV/0!;#N/A
Fri, 12-Jun-15;1,921;184;68;73;74;2,927;32;26;25;2,088;2,063;1.00;1.01;92%;60%;-763.29;177.14;76.85;76.85;#DIV/0!;#N/A
Sat, 13-Jun-15;1,655;71;98;72;287;2,495;25;13;416;2,479;2,063;1.00;1.20;67%;68%;-792.00;158.57;76.85;76.85;#DIV/0!;#N/A
Sun, 14-Jun-15;1,772;154;84;63;133;3,712;26;21;181;2,244;2,063;1.00;1.09;79%;79%;-666.00;160.00;76.85;76.85;#DIV/0!;#N/A
Mon, 15-Jun-15;1,855;186;78;78;112;3,577;28;19;242;2,305;2,063;1.00;1.12;80%;75%;-695.43;167.14;76.85;76.85;#DIV/0!;#N/A
Tue, 16-Jun-15;1,944;205;62;93;47;2,306;35;39;494;2,557;2,063;1.00;1.24;76%;78%;-710.29;170.00;76.85;76.85;#DIV/0!;#N/A
Wed, 17-Jun-15;2,425;132;53;70;494;1,827;33;4;439;2,502;2,063;1.00;1.21;97%;85%;-747.00;207.14;76.85;76.85;76.90;76.90
Thu, 18-Jun-15;2,374;207;39;39;8;1,303;15;5;1,172;3,235;2,063;1.00;1.57;73%;81%;-554.14;198.57;76.85;76.70;76.70;76.70
Fri, 19-Jun-15;2,978;270;48;46;16;350;6;3;850;2,913;2,063;1.00;1.41;102%;90%;-494.86;181.43;76.83;76.70;#DIV/0!;#N/A
Sat, 20-Jun-15;3,000;397;34;92;84;2,280;17;49;1,308;3,371;2,063;1.00;1.63;89%;88%;-461.71;148.57;76.81;76.15;76.15;76.15
Sun, 21-Jun-15;2,905;172;41;74;76;527;4;2;1,143;3,206;2,063;1.00;1.55;91%;94%;-397.00;200.00;76.71;76.20;76.20;76.20
Mon, 22-Jun-15;2,743;157;60;69;151;1,765;16;6;1,064;3,127;2,063;1.00;1.52;88%;89%;-372.57;172.86;76.61;76.20;#DIV/0!;#N/A
Tue, 23-Jun-15;2,528;137;35;51;8;1,632;4;9;870;2,666;1,796;1.00;1.48;95%;91%;-363.14;154.29;76.52;76.20;#DIV/0!;#N/A
Wed, 24-Jun-15;2,813;142;33;95;205;1,968;16;2;1,480;3,541;2,061;1.00;1.72;79%;87%;-295.29;111.43;76.43;76.20;#DIV/0!;#N/A
Thu, 25-Jun-15;2,817;107;61;77;156;1,958;24;16;989;3,050;2,061;1.00;1.48;92%;88%;-388.29;108.57;76.34;76.00;76.00;76.00
Fri, 26-Jun-15;2,813;195;57;96;933;1,834;17;16;1,022;3,082;2,060;1.00;1.50;91%;87%;-298.57;124.29;76.24;76.00;#DIV/0!;#N/A
Sat, 27-Jun-15;2,457;130;46;111;321;1,897;10;3;1,128;3,188;2,060;1.00;1.55;77%;87%;-346.29;142.86;76.14;75.90;75.78;75.78
Sun, 28-Jun-15;2,458;272;38;90;123;3,968;12;8;721;2,781;2,060;1.00;1.35;88%;85%;-397.71;77.14;76.10;75.65;#DIV/0!;#N/A
Mon, 29-Jun-15;1,807;146;43;47;143;1,353;12;4;797;2,857;2,060;1.00;1.39;63%;76%;-400.86;85.71;76.02;76.15;76.15;76.15
Tue, 30-Jun-15;2,776;335;58;69;8;1,951;18;7;1,331;3,494;2,163;1.00;1.62;79%;77%;-496.00;82.86;76.01;74.60;74.60;74.60
Wed, 1-Jul-15;2,345;316;29;26;8;1,256;16;8;1,069;3,112;2,043;1.00;1.52;75%;73%;-578.86;80.00;75.79;74.60;74.50;74.50
Thu, 2-Jul-15;2,518;263;40;58;87;452;12;6;1,312;3,355;2,043;1.00;1.64;75%;77%;-584.43;88.57;75.56;74.60;74.60;74.60
Fri, 3-Jul-15;2,157;172;28;55;21;1,005;7;8;1,226;3,269;2,043;1.00;1.60;66%;72%;-670.71;74.29;75.36;75.15;75.15;75.15
Sat, 4-Jul-15;3,383;348;55;73;126;2,265;22;9;1,123;3,157;2,034;1.00;1.55;107%;82%;-791.14;62.86;75.24;75.15;73.85;73.85
Sun, 5-Jul-15;3,169;228;45;105;142;2,795;8;4;875;2,909;2,034;1.00;1.43;109%;93%;-654.43;71.43;75.13;74.50;74.50;74.50
Mon, 6-Jul-15;2,780;247;40;52;58;2,093;27;5;1,026;3,060;2,034;1.25;1.50;91%;102%;-571.14;65.71;74.96;74.50;#DIV/0!;#N/A
Tue, 7-Jul-15;3,212;317;73;115;403;3,017;16;8;1,352;3,386;2,034;1.25;1.66;95%;98%;-461.14;67.14;74.73;74.50;#DIV/0!;#N/A
Wed, 8-Jul-15;3,244;227;71;103;195;1,716;38;8;1,216;3,250;2,034;1.25;1.60;100%;95%;-383.43;68.57;74.71;74.50;#DIV/0!;#N/A
Thu, 9-Jul-15;2,588;239;45;66;72;1,869;35;11;897;2,931;2,034;1.25;1.44;88%;95%;-274.71;68.57;74.70;74.50;#DIV/0!;#N/A
Fri, 10-Jul-15;2,577;270;30;65;95;3,325;12;7;1,247;3,281;2,034;1.25;1.61;79%;89%;-204.14;75.71;74.69;74.50;#DIV/0!;#N/A
Sat, 11-Jul-15;2,834;106;84;101;183;1,431;15;10;930;2,964;2,034;1.25;1.46;96%;87%;-145.86;74.29;74.59;75.85;75.70;75.70
Sun, 12-Jul-15;2,935;192;46;104;253;1,701;10;5;1,115;3,149;2,034;1.25;1.55;93%;89%;-196.71;75.71;74.69;75.80;75.80;75.80
Mon, 13-Jul-15;2,737;224;30;55;69;3,259;6;8;915;2,949;2,034;1.25;1.45;93%;94%;-264.43;77.14;74.88;75.80;#DIV/0!;#N/A
Tue, 14-Jul-15;2,598;157;16;25;29;605;12;2;1,186;3,220;2,034;1.25;1.58;81%;89%;-254.71;81.43;75.06;75.80;#DIV/0!;#N/A
Wed, 15-Jul-15;3,012;297;54;58;195;1,585;19;8;1,268;3,302;2,034;1.25;1.62;91%;88%;-318.71;72.86;75.25;75.00;75.00;75.00
Thu, 16-Jul-15;3,340;259;41;93;191;2,408;15;7;1,088;3,122;2,034;1.25;1.53;107%;93%;-359.29;72.86;75.32;75.00;#DIV/0!;#N/A
Fri, 17-Jul-15;2,755;221;24;57;31;572;6;18;956;2,990;2,034;1.25;1.47;92%;97%;-279.14;67.14;75.39;75.10;75.10;75.10
Sat, 18-Jul-15;3,136;280;56;55;428;1,443;19;6;1,119;3,153;2,034;1.25;1.55;99%;100%;-212.14;82.86;75.48;75.10;#DIV/0!;#N/A
Sun, 19-Jul-15;3,147;195;49;85;225;1,273;16;2;1,258;3,300;2,042;1.25;1.62;95%;96%;-196.00;77.14;75.37;74.55;74.55;74.55
Mon, 20-Jul-15;2,688;373;45;85;0;1,534;13;31;668;2,710;2,042;1.00;1.33;99%;98%;-187.29;72.86;75.19;74.55;#DIV/0!;#N/A
Tue, 21-Jul-15;2,594;301;32;44;30;1,659;20;13;974;3,016;2,042;1.00;1.48;86%;93%;-160.14;105.71;75.01;74.55;#DIV/0!;#N/A
Wed, 22-Jul-15;2,525;166;60;72;151;1,860;16;6;714;2,756;2,042;1.00;1.35;92%;92%;-131.57;121.43;74.84;74.55;#DIV/0!;#N/A
Thu, 23-Jul-15;2,394;190;43;76;16;1,540;7;8;754;2,796;2,042;1.00;1.37;86%;88%;-123.14;118.57;74.77;74.55;#DIV/0!;#N/A
Fri, 24-Jul-15;3,042;197;70;99;181;2,905;19;6;832;2,874;2,042;1.00;1.41;106%;94%;-211.71;120.00;74.71;74.55;#DIV/0!;#N/A
Sat, 25-Jul-15;3,140;278;59;70;16;1,954;21;7;1,450;3,499;2,049;1.00;1.71;90%;94%;-154.14;102.86;74.63;75.10;75.10;75.10
Sun, 26-Jul-15;3,057;249;49;88;187;1,652;10;5;852;2,901;2,049;1.00;1.42;105%;100%;-203.00;104.29;74.63;75.10;74.75;74.75
Mon, 27-Jul-15;2,904;249;47;51;260;4,905;12;23;991;3,040;2,049;1.00;1.48;96%;96%;-158.86;108.57;74.71;74.75;#DIV/0!;#N/A
Tue, 28-Jul-15;2,709;151;47;44;631;1,936;11;3;1,055;3,104;2,049;1.00;1.51;87%;96%;-175.14;97.14;74.74;74.75;#DIV/0!;#N/A
Wed, 29-Jul-15;1,720;109;25;43;134;1,331;17;3;1,164;3,213;2,049;1.00;1.57;54%;78%;-171.29;82.86;74.76;75.50;75.50;75.50
Thu, 30-Jul-15;2,470;201;56;69;16;1,900;19;7;1,161;2,998;1,837;1.00;1.63;82%;74%;-351.57;78.57;74.90;75.85;75.85;75.85
Fri, 31-Jul-15;3,169;329;49;49;16;512;12;2;1,222;3,210;1,988;1.00;1.61;99%;78%;-369.57;77.14;75.09;75.85;#DIV/0!;#N/A
Sat, 1-Aug-15;2,390;105;20;30;8;633;11;4;1,216;3,265;2,049;1.00;1.59;73%;85%;-399.43;71.43;75.27;75.85;#DIV/0!;#N/A
Sun, 2-Aug-15;2,589;172;36;31;56;4,620;16;22;1,222;3,271;2,049;1.00;1.60;79%;84%;-473.14;67.14;75.38;75.10;75.10;75.10
Mon, 3-Aug-15;2,354;122;60;102;197;1,594;12;11;908;2,957;2,049;1.75;1.44;80%;77%;-592.86;91.43;75.38;75.10;#DIV/0!;#N/A
Tue, 4-Aug-15;1,513;145;68;70;588;1,908;3;13;772;2,821;2,049;1.75;1.38;54%;71%;-659.57;74.29;75.43;75.10;#DIV/0!;#N/A
Wed, 5-Aug-15;1,345;145;47;59;391;1,514;24;16;410;2,459;2,049;1.75;1.20;55%;63%;-790.00;88.57;75.48;75.10;#DIV/0!;#N/A
Thu, 6-Aug-15;1,644;180;67;78;398;2,300;9;16;571;2,620;2,049;1.75;1.28;63%;57%;-735.86;107.14;75.42;75.10;#DIV/0!;#N/A
Fri, 7-Aug-15;1,039;84;46;66;1,252;862;2;9;421;2,470;2,049;1.75;1.21;42%;53%;-799.86;120.00;75.31;75.10;#DIV/0!;#N/A
Sat, 8-Aug-15;1,618;196;63;59;235;1,728;16;17;453;2,466;2,013;1.75;1.23;66%;57%;-998.43;130.00;75.21;76.40;76.40;76.40
Sun, 9-Aug-15;1,715;160;82;79;559;3,476;23;14;310;2,359;2,049;1.75;1.15;73%;60%;-994.57;148.57;75.29;76.40;#DIV/0!;#N/A
Mon, 10-Aug-15;1,505;145;70;67;332;3,558;22;17;460;2,509;2,049;1.75;1.22;60%;66%;-989.14;137.14;75.47;76.40;#DIV/0!;#N/A
Tue, 11-Aug-15;1,627;162;74;72;530;3,088;25;15;492;2,541;2,049;1.75;1.24;64%;65%;-1,046.43;145.71;75.66;76.40;#DIV/0!;#N/A
Wed, 12-Aug-15;1,674;177;75;62;433;2,242;28;14;439;2,488;2,049;1.75;1.21;67%;64%;-990.14;148.57;75.84;76.40;#DIV/0!;#N/A
Thu, 13-Aug-15;1,536;168;66;61;245;2,901;28;16;472;2,521;2,049;1.75;1.23;61%;64%;-947.29;145.71;76.03;76.40;#DIV/0!;#N/A
Fri, 14-Aug-15;1,400;122;68;72;661;2,350;17;14;536;2,585;2,049;1.75;1.26;54%;61%;-948.57;145.71;76.21;76.40;#DIV/0!;#N/A
Sat, 15-Aug-15;1,446;180;56;51;434;1,738;21;20;492;2,526;2,034;1.75;1.24;57%;57%;-913.43;152.86;76.40;76.40;75.70;75.70
Sun, 16-Aug-15;1,620;163;69;86;548;3,469;15;19;659;2,708;2,049;1.75;1.32;60%;57%;-946.57;157.14;76.40;75.70;#DIV/0!;#N/A
Mon, 17-Aug-15;1,554;156;62;90;487;2,761;15;15;453;2,502;2,049;1.75;1.22;62%;60%;-1,010.00;164.29;76.30;75.70;#DIV/0!;#N/A
Tue, 18-Aug-15;1,562;171;63;72;411;3,019;19;15;476;2,525;2,049;1.75;1.23;62%;61%;-1,002.00;161.43;76.20;75.70;#DIV/0!;#N/A
Wed, 19-Aug-15;1,757;172;78;80;273;2,898;18;18;520;2,569;2,049;1.75;1.25;68%;64%;-1,009.00;161.43;76.10;75.70;#DIV/0!;#N/A
Thu, 20-Aug-15;2,154;218;76;110;403;3,240;34;24;492;2,541;2,049;1.75;1.24;85%;72%;-1,008.71;167.14;76.00;75.70;#DIV/0!;#N/A
Fri, 21-Aug-15;1,952;60;13;17;334;341;18;1;668;2,125;1,457;1.75;1.46;92%;81%;-923.29;178.57;75.90;75.70;76.10;76.10
Sat, 22-Aug-15;2,687;217;37;102;174;2,579;13;5;1,340;3,392;2,052;1.00;1.65;79%;84%;-778.71;160.00;75.80;75.30;75.30;75.30
Sun, 23-Aug-15;2,556;203;31;37;246;3,770;9;18;1,616;3,668;2,052;1.00;1.79;70%;78%;-725.14;138.57;75.64;75.30;74.40;74.40
Mon, 24-Aug-15;3328;190;12;30;16;587;7;2;1,482;3,534;2,052;1.00;1.72;94%;81%;-728.57;137.14;75.59;74.40;#DIV/0!;#N/A
Tue, 25-Aug-15;2,834;304;46;53;8;2,020;17;6;2,273;4,325;2,052;1.00;2.11;66%;76%;-622.57;118.57;75.40;74.40;#DIV/0!;#N/A
Wed, 26-Aug-15;2,576;167;25;23;204;2,506;5;0;1,558;3,610;2,052;1.00;1.76;71%;76%;-698.00;105.71;75.21;74.40;#DIV/0!;#N/A
Thu, 27-Aug-15;2,907;227;53;91;16;2,538;20;12;1,626;3,678;2,052;1.00;1.79;79%;72%;-729.71;80.00;75.03;74.40;#DIV/0!;#N/A
Fri, 28-Aug-15;2,342;210;34;50;23;302;5;22;1,391;3,443;2,052;1.00;1.68;68%;73%;-784.57;62.86;74.84;74.40;#DIV/0!;#N/A
Sat, 29-Aug-15;2,522;285;29;78;97;1,621;7;5;1,235;2,904;1,669;1.00;1.74;87%;78%;-917.14;92.86;74.66;74.40;#DIV/0!;#N/A
Sun, 30-Aug-15;2,721;227;37;96;122;2,125;14;6;1,312;3,364;2,052;1.00;1.64;81%;78%;-871.00;92.86;74.53;74.40;75.20;75.20
Mon, 31-Aug-15;2,907;277;36;70;203;2,980;10;3;1,156;3,208;2,052;1.00;1.56;91%;86%;-804.00;75.71;74.40;75.20;#DIV/0!;#N/A
Tue, 1-Sep-15;2,816;215;34;40;279;2,839;10;8;1,658;2,835;1,177;1.00;2.41;99%;90%;-817.57;77.14;74.51;74.60;74.60;74.60
Wed, 2-Sep-15;2,509;228;18;76;129;1,653;13;6;1,094;3,710;2,616;1.00;1.42;68%;84%;-607.29;80.00;74.54;74.60;#DIV/0!;#N/A
Thu, 3-Sep-15;2,287;235;21;77;31;812;9;20;1,052;3,087;2,035;1.00;1.52;74%;79%;-631.14;88.57;74.57;73.90;73.90;73.90
Fri, 4-Sep-15;2,511;228;40;58;239;2,140;7;5;1,419;2,990;1,571;1.00;1.90;84%;75%;-635.29;100.00;74.50;73.90;#DIV/0!;#N/A
Sat, 5-Sep-15;2,893;444;40;78;83;2,334;15;39;1,241;3,158;1,917;1.00;1.65;92%;83%;-546.43;75.71;74.43;73.90;73.60;73.60
Sun, 6-Sep-15;2,714;111;59;67;563;1,968;15;7;1,223;3,143;1,920;1.00;1.64;86%;87%;-529.71;124.29;74.36;73.45;73.45;73.45
Mon, 7-Sep-15;2,703;183;31;44;133;1,486;14;7;1,211;3,070;1,859;1.00;1.65;88%;89%;-499.14;125.71;74.22;73.45;#DIV/0!;#N/A
Tue, 8-Sep-15;2,677;115;44;66;200;1,782;6;7;1,320;3,014;1,694;1.00;1.78;89%;88%;-508.57;131.43;73.97;73.45;#DIV/0!;#N/A
Wed, 9-Sep-15;2,614;336;36;68;71;2,219;16;41;1,025;2,833;1,808;1.00;1.57;92%;90%;-554.00;130.00;73.81;74.05;74.05;74.05
Thu, 10-Sep-15;2,557;220;40;90;468;2,055;8;11;1,579;3,608;2,029;1.00;1.78;71%;83%;-413.71;180.00;73.73;74.05;#DIV/0!;#N/A
Fri, 11-Sep-15;2,545;210;32;58;473;1,901;20;11;1,999;4,028;2,029;1.00;1.99;63%;74%;-449.57;167.14;73.75;74.05;#DIV/0!;#N/A
Sat, 12-Sep-15;2,774;155;51;93;380;2,493;4;2;1,530;3,559;2,029;1.00;1.75;78%;70%;-593.00;175.71;73.77;74.45;74.45;74.45
Sun, 13-Sep-15;2,912;206;49;79;131;4,133;15;7;1,381;3,410;2,029;1.00;1.68;85%;75%;-667.29;122.86;73.85;74.45;#DIV/0!;#N/A
Mon, 14-Sep-15;1,775;122;42;121;298;1,825;25;16;915;2,944;2,029;1.00;1.45;60%;75%;-677.14;122.86;73.99;74.45;#DIV/0!;#N/A
Tue, 15-Sep-15;1,782;183;70;92;421;3,061;10;19;677;2,706;2,029;1.00;1.33;66%;71%;-791.71;135.71;74.14;74.45;#DIV/0!;#N/A
Wed, 16-Sep-15;1,483;127;65;83;421;2,810;9;16;513;2,542;2,029;1.00;1.25;58%;62%;-875.57;152.86;74.28;74.45;#DIV/0!;#N/A
Thu, 17-Sep-15;1,882;203;70;96;421;2,912;30;26;492;2,521;2,029;1.00;1.24;75%;66%;-995.57;117.14;74.34;74.45;#DIV/0!;#N/A
Fri, 18-Sep-15;1,636;192;55;91;421;3,190;32;27;589;2,618;2,029;1.00;1.29;62%;65%;-936.71;138.57;74.39;74.45;#DIV/0!;#N/A
Sat, 19-Sep-15;1,939;200;80;88;412;3,309;13;20;554;2,583;2,029;1.00;1.27;75%;71%;-865.14;161.43;74.45;74.00;74.00;74.00
Sun, 20-Sep-15;2,004;190;80;119;605;4,386;22;21;413;2,442;2,029;1.00;1.20;82%;73%;-845.00;187.14;74.39;74.45;74.45;74.45
Mon, 21-Sep-15;1,758;205;64;89;548;3,295;54;26;375;2,404;2,029;1.00;1.18;73%;77%;-836.43;207.14;74.39;74.45;#DIV/0!;#N/A
Tue, 22-Sep-15;1,911;175;90;94;1,176;2,783;48;20;525;2,699;2,174;1.00;1.24;71%;75%;-761.71;221.43;74.39;74.45;#DIV/0!;#N/A
Wed, 23-Sep-15;1,819;208;58;107;172;4,052;37;31;475;2,504;2,029;1.00;1.23;73%;72%;-742.29;222.86;74.39;74.45;#DIV/0!;#N/A
Thu, 24-Sep-15;1,032;103;36;67;526;1,832;10;19;403;2,432;2,029;1.00;1.20;42%;62%;-688.86;244.29;74.39;74.45;#DIV/0!;#N/A
Fri, 25-Sep-15;1,520;135;68;87;589;3,611;10;16;338;2,499;2,161;1.00;1.16;61%;59%;-797.57;234.29;74.39;74.45;#DIV/0!;#N/A
Sat, 26-Sep-15;1,717;137;83;100;1,009;3,979;11;16;416;2,445;2,029;1.00;1.21;70%;58%;-797.14;218.57;74.39;74.45;74.45;74.45
Sun, 27-Sep-15;1,771;153;75;119;709;3,038;19;20;263;2,292;2,029;1.00;1.13;77%;69%;-809.14;212.86;74.45;74.45;74.90;74.90
Mon, 28-Sep-15;1,756;196;63;94;544;3,258;12;25;615;2,644;2,029;1.00;1.30;66%;71%;-821.00;211.43;74.45;74.90;#DIV/0!;#N/A
Tue, 29-Sep-15;1,628;138;71;98;589;3,916;13;20;513;2,542;2,029;1.00;1.25;64%;69%;-855.57;210.00;74.51;74.90;#DIV/0!;#N/A
Wed, 30-Sep-15;1,662;175;67;90;179;4,234;22;26;558;2,587;2,029;1.00;1.28;64%;65%;-873.57;210.00;74.58;74.90;#DIV/0!;#N/A
Thu, 1-Oct-15;1,517;176;43;66;514;1,999;35;25;614;2,643;2,029;1.00;1.30;57%;62%;-907.86;202.86;74.64;74.90;#DIV/0!;#N/A
Fri, 2-Oct-15;2,467;103;55;77;487;1,101;22;2;450;2,479;2,029;1.00;1.22;100%;73%;-868.71;211.43;74.71;74.90;73.95;73.95
Sat, 3-Oct-15;2,271;207;40;98;196;2,891;12;4;1,062;3,091;2,029;1.00;1.52;73%;76%;-730.57;191.43;74.77;74.00;74.00;74.00
Sun, 4-Oct-15;2,460;148;29;72;94;1,966;14;6;1,074;3,075;2,001;1.00;1.54;80%;83%;-743.71;174.29;74.71;74.00;74.90;74.90
Mon, 5-Oct-15;2,715;213;22;48;23;917;4;19;1,171;3,200;2,029;1.00;1.58;85%;80%;-757.14;154.29;74.64;74.90;#DIV/0!;#N/A
Tue, 6-Oct-15;2,648;141;30;40;270;1,877;8;5;759;2,788;2,029;1.00;1.37;95%;86%;-699.57;145.71;74.64;74.90;#DIV/0!;#N/A
Wed, 7-Oct-15;2,878;248;43;74;8;2,127;16;6;1,277;3,290;2,013;1.00;1.63;87%;89%;-589.00;124.29;74.64;74.90;#DIV/0!;#N/A
Thu, 8-Oct-15;3,568;235;59;122;363;3,122;19;18;1,657;3,670;2,013;1.00;1.82;97%;93%;-515.71;95.71;74.64;72.20;72.20;72.20
Fri, 9-Oct-15;2,521;143;63;62;34;1,361;8;6;1,060;3,073;2,013;1.00;1.53;82%;89%;-369.43;85.71;74.26;72.70;72.70;72.70
Sat, 10-Oct-15;3,439;223;58;122;370;2,495;22;11;916;2,929;2,013;1.00;1.46;117%;99%;-446.57;91.43;73.94;73.30;73.30;73.30
Sun, 11-Oct-15;3,315;289;50;86;357;2,221;19;18;1,136;3,062;1,926;1.00;1.59;108%;102%;-256.57;101.43;73.84;72.85;72.85;72.85
Mon, 12-Oct-15;2,730;234;31;76;236;2,179;11;6;1,026;3,039;2,013;1.00;1.51;90%;105%;-132.57;118.57;73.68;72.85;72.85;72.85
Tue, 13-Oct-15;3,139;301;32;33;8;1,094;20;23;1239;3,252;2,013;1.00;1.62;97%;98%;-107.43;100.00;73.39;72.85;#DIV/0!;#N/A
Wed, 14-Oct-15;2,761;193;53;106;220;1,543;18;18;1,035;3,048;2,013;1.00;1.51;91%;92%;-103.57;125.71;73.09;73.20;73.20;73.20
Thu, 15-Oct-15;2,541;271;20;81;26;968;9;24;1,229;3,242;2,013;1.00;1.61;78%;88%;-85.71;142.86;72.85;73.50;73.50;73.50
Fri, 16-Oct-15;3,135;300;53;68;74;2,047;19;8;1,128;3,141;2,013;1.00;1.56;100%;89%;-171.29;151.43;73.04;73.50;#DIV/0!;#N/A
Sat, 17-Oct-15;3,273;276;45;95;148;1,949;18;20;792;2,805;2,013;1.00;1.39;117%;97%;-93.29;154.29;73.15;73.50;#DIV/0!;#N/A
Sun, 18-Oct-15;2,609;168;23;20;8;764;6;3;1,519;3,532;2,013;1.00;1.75;74%;95%;-99.29;167.14;73.18;73.50;74.85;74.85
Mon, 19-Oct-15;2,461;231;30;47;33;2,242;20;11;947;2,960;2,013;1.00;1.47;83%;90%;-267.29;145.71;73.27;74.85;#DIV/0!;#N/A
Tue, 20-Oct-15;3,120;293;46;73;57;2,643;57;31;922;2,919;1,997;1.00;1.46;107%;87%;-294.43;152.86;73.56;74.25;74.25;74.25
Wed, 21-Oct-15;2,675;188;17;26;155;1,334;11;8;969;2,982;2,013;1.00;1.48;90%;93%;-249.57;164.29;73.76;73.50;73.50;73.50
Thu, 22-Oct-15;2,911;283;71;48;0;1,441;14;7;1,019;3,032;2,013;1.00;1.51;96%;97%;-252.43;150.00;73.80;73.50;#DIV/0!;#N/A
Fri, 23-Oct-15;2,642;174;19;41;19;973;6;3;858;2,871;2,013;1.00;1.43;92%;93%;-169.57;125.71;73.80;73.50;#DIV/0!;#N/A
Sat, 24-Oct-15;3,311;244;56;79;114;3,109;9;9;852;2,865;2,013;1.00;1.42;116%;101%;-201.43;118.57;73.80;73.50;#DIV/0!;#N/A
